0 1 2
0 1 36
0 2 3
0 3 4
0 4 5
0 5 6
0 6 7
0 7 8
0 8 9
0 9 10
0 10 11
0 11 12
0 12 13
0 13 14
0 14 15
0 15 16
0 16 17
0 17 18
0 18 19
0 19 20
0 20 21
0 21 22
0 22 23
0 23 24
0 24 25
0 25 26
0 26 27
0 27 28
0 28 29
0 29 30
0 30 31
0 31 32
0 32 33
0 33 34
0 34 35
0 35 36
1 2 38
1 36 37
1 37 38
2 3 39
2 38 39
3 4 40
3 39 40
4 5 41
4 40 41
5 6 42
5 41 42
6 7 43
6 42 43
7 8 44
7 43 44
8 9 45
8 44 45
9 10 46
9 45 46
10 11 47
10 46 47
11 12 48
11 47 48
12 13 49
12 48 49
13 14 50
13 49 50
14 15 51
14 50 51
15 16 52
15 51 52
16 17 53
16 52 53
17 18 54
17 53 54
18 19 55
18 54 55
19 20 56
19 55 56
20 21 57
20 56 57
21 22 58
21 57 58
22 23 59
22 58 59
23 24 60
23 59 60
24 25 61
24 60 61
25 26 62
25 61 62
26 27 63
26 62 63
27 28 64
27 63 64
28 29 65
28 64 65
29 30 66
29 65 66
30 31 67
30 66 67
31 32 68
31 67 68
32 33 69
32 68 69
33 34 70
33 69 70
34 35 71
34 70 71
35 36 72
35 71 72
36 37 72
37 38 74
37 72 73
37 73 74
38 39 75
38 74 75
39 40 76
39 75 76
40 41 77
40 76 77
41 42 78
41 77 78
42 43 79
42 78 79
43 44 80
43 79 80
44 45 81
44 80 81
45 46 82
45 81 82
46 47 83
46 82 83
47 48 84
47 83 84
48 49 85
48 84 85
49 50 86
49 85 86
50 51 87
50 86 87
51 52 88
51 87 88
52 53 89
52 88 89
53 54 90
53 89 90
54 55 91
54 90 91
55 56 92
55 91 92
56 57 93
56 92 93
57 58 94
57 93 94
58 59 95
58 94 95
59 60 96
59 95 96
60 61 97
60 96 97
61 62 98
61 97 98
62 63 99
62 98 99
63 64 100
63 99 100
64 65 101
64 100 101
65 66 102
65 101 102
66 67 103
66 102 103
67 68 104
67 103 104
68 69 105
68 104 105
69 70 106
69 105 106
70 71 107
70 106 107
71 72 108
71 107 108
72 73 108
73 74 110
73 108 109
73 109 110
74 75 111
74 110 111
75 76 112
75 111 112
76 77 113
76 112 113
77 78 114
77 113 114
78 79 115
78 114 115
79 80 116
79 115 116
80 81 117
80 116 117
81 82 118
81 117 118
82 83 119
82 118 119
83 84 120
83 119 120
84 85 121
84 120 121
85 86 122
85 121 122
86 87 123
86 122 123
87 88 124
87 123 124
88 89 125
88 124 125
89 90 126
89 125 126
90 91 127
90 126 127
91 92 128
91 127 128
92 93 129
92 128 129
93 94 130
93 129 130
94 95 131
94 130 131
95 96 132
95 131 132
96 97 133
96 132 133
97 98 134
97 133 134
98 99 135
98 134 135
99 100 136
99 135 136
100 101 137
100 136 137
101 102 138
101 137 138
102 103 139
102 138 139
103 104 140
103 139 140
104 105 141
104 140 141
105 106 142
105 141 142
106 107 143
106 142 143
107 108 144
107 143 144
108 109 144
109 110 146
109 144 145
109 145 146
110 111 147
110 146 147
111 112 148
111 147 148
112 113 149
112 148 149
113 114 150
113 149 150
114 115 151
114 150 151
115 116 152
115 151 152
116 117 153
116 152 153
117 118 154
117 153 154
118 119 155
118 154 155
119 120 156
119 155 156
120 121 157
120 156 157
121 122 158
121 157 158
122 123 159
122 158 159
123 124 160
123 159 160
124 125 161
124 160 161
125 126 162
125 161 162
126 127 163
126 162 163
127 128 164
127 163 164
128 129 165
128 164 165
129 130 166
129 165 166
130 131 167
130 166 167
131 132 168
131 167 168
132 133 169
132 168 169
133 134 170
133 169 170
134 135 171
134 170 171
135 136 172
135 171 172
136 137 173
136 172 173
137 138 174
137 173 174
138 139 175
138 174 175
139 140 176
139 175 176
140 141 177
140 176 177
141 142 178
141 177 178
142 143 179
142 178 179
143 144 180
143 179 180
144 145 180
145 146 182
145 180 181
145 181 182
146 147 183
146 182 183
147 148 184
147 183 184
148 149 185
148 184 185
149 150 186
149 185 186
150 151 187
150 186 187
151 152 188
151 187 188
152 153 189
152 188 189
153 154 190
153 189 190
154 155 191
154 190 191
155 156 192
155 191 192
156 157 193
156 192 193
157 158 194
157 193 194
158 159 195
158 194 195
159 160 196
159 195 196
160 161 197
160 196 197
161 162 198
161 197 198
162 163 199
162 198 199
163 164 200
163 199 200
164 165 201
164 200 201
165 166 202
165 201 202
166 167 203
166 202 203
167 168 204
167 203 204
168 169 205
168 204 205
169 170 206
169 205 206
170 171 207
170 206 207
171 172 208
171 207 208
172 173 209
172 208 209
173 174 210
173 209 210
174 175 211
174 210 211
175 176 212
175 211 212
176 177 213
176 212 213
177 178 214
177 213 214
178 179 215
178 214 215
179 180 216
179 215 216
180 181 216
181 182 218
181 216 217
181 217 218
182 183 219
182 218 219
183 184 220
183 219 220
184 185 221
184 220 221
185 186 222
185 221 222
186 187 223
186 222 223
187 188 224
187 223 224
188 189 225
188 224 225
189 190 226
189 225 226
190 191 227
190 226 227
191 192 228
191 227 228
192 193 229
192 228 229
193 194 230
193 229 230
194 195 231
194 230 231
195 196 232
195 231 232
196 197 233
196 232 233
197 198 234
197 233 234
198 199 235
198 234 235
199 200 236
199 235 236
200 201 237
200 236 237
201 202 238
201 237 238
202 203 239
202 238 239
203 204 240
203 239 240
204 205 241
204 240 241
205 206 242
205 241 242
206 207 243
206 242 243
207 208 244
207 243 244
208 209 245
208 244 245
209 210 246
209 245 246
210 211 247
210 246 247
211 212 248
211 247 248
212 213 249
212 248 249
213 214 250
213 249 250
214 215 251
214 250 251
215 216 252
215 251 252
216 217 252
217 218 254
217 252 253
217 253 254
218 219 255
218 254 255
219 220 256
219 255 256
220 221 257
220 256 257
221 222 258
221 257 258
222 223 259
222 258 259
223 224 260
223 259 260
224 225 261
224 260 261
225 226 262
225 261 262
226 227 263
226 262 263
227 228 264
227 263 264
228 229 265
228 264 265
229 230 266
229 265 266
230 231 267
230 266 267
231 232 268
231 267 268
232 233 269
232 268 269
233 234 270
233 269 270
234 235 271
234 270 271
235 236 272
235 271 272
236 237 273
236 272 273
237 238 274
237 273 274
238 239 275
238 274 275
239 240 276
239 275 276
240 241 277
240 276 277
241 242 278
241 277 278
242 243 279
242 278 279
243 244 280
243 279 280
244 245 281
244 280 281
245 246 282
245 281 282
246 247 283
246 282 283
247 248 284
247 283 284
248 249 285
248 284 285
249 250 286
249 285 286
250 251 287
250 286 287
251 252 288
251 287 288
252 253 288
253 254 290
253 288 289
253 289 290
254 255 291
254 290 291
255 256 292
255 291 292
256 257 293
256 292 293
257 258 294
257 293 294
258 259 295
258 294 295
259 260 296
259 295 296
260 261 297
260 296 297
261 262 298
261 297 298
262 263 299
262 298 299
263 264 300
263 299 300
264 265 301
264 300 301
265 266 302
265 301 302
266 267 303
266 302 303
267 268 304
267 303 304
268 269 305
268 304 305
269 270 306
269 305 306
270 271 307
270 306 307
271 272 308
271 307 308
272 273 309
272 308 309
273 274 310
273 309 310
274 275 311
274 310 311
275 276 312
275 311 312
276 277 313
276 312 313
277 278 314
277 313 314
278 279 315
278 314 315
279 280 316
279 315 316
280 281 317
280 316 317
281 282 318
281 317 318
282 283 319
282 318 319
283 284 320
283 319 320
284 285 321
284 320 321
285 286 322
285 321 322
286 287 323
286 322 323
287 288 324
287 323 324
288 289 324
289 290 326
289 324 325
289 325 326
290 291 327
290 326 327
291 292 328
291 327 328
292 293 329
292 328 329
293 294 330
293 329 330
294 295 331
294 330 331
295 296 332
295 331 332
296 297 333
296 332 333
297 298 334
297 333 334
298 299 335
298 334 335
299 300 336
299 335 336
300 301 337
300 336 337
301 302 338
301 337 338
302 303 339
302 338 339
303 304 340
303 339 340
304 305 341
304 340 341
305 306 342
305 341 342
306 307 343
306 342 343
307 308 344
307 343 344
308 309 345
308 344 345
309 310 346
309 345 346
310 311 347
310 346 347
311 312 348
311 347 348
312 313 349
312 348 349
313 314 350
313 349 350
314 315 351
314 350 351
315 316 352
315 351 352
316 317 353
316 352 353
317 318 354
317 353 354
318 319 355
318 354 355
319 320 356
319 355 356
320 321 357
320 356 357
321 322 358
321 357 358
322 323 359
322 358 359
323 324 360
323 359 360
324 325 360
325 326 362
325 360 361
325 361 362
326 327 363
326 362 363
327 328 364
327 363 364
328 329 365
328 364 365
329 330 366
329 365 366
330 331 367
330 366 367
331 332 368
331 367 368
332 333 369
332 368 369
333 334 370
333 369 370
334 335 371
334 370 371
335 336 372
335 371 372
336 337 373
336 372 373
337 338 374
337 373 374
338 339 375
338 374 375
339 340 376
339 375 376
340 341 377
340 376 377
341 342 378
341 377 378
342 343 379
342 378 379
343 344 380
343 379 380
344 345 381
344 380 381
345 346 382
345 381 382
346 347 383
346 382 383
347 348 384
347 383 384
348 349 385
348 384 385
349 350 386
349 385 386
350 351 387
350 386 387
351 352 388
351 387 388
352 353 389
352 388 389
353 354 390
353 389 390
354 355 391
354 390 391
355 356 392
355 391 392
356 357 393
356 392 393
357 358 394
357 393 394
358 359 395
358 394 395
359 360 396
359 395 396
360 361 396
361 362 398
361 396 397
361 397 398
362 363 399
362 398 399
363 364 400
363 399 400
364 365 401
364 400 401
365 366 402
365 401 402
366 367 403
366 402 403
367 368 404
367 403 404
368 369 405
368 404 405
369 370 406
369 405 406
370 371 407
370 406 407
371 372 408
371 407 408
372 373 409
372 408 409
373 374 410
373 409 410
374 375 411
374 410 411
375 376 412
375 411 412
376 377 413
376 412 413
377 378 414
377 413 414
378 379 415
378 414 415
379 380 416
379 415 416
380 381 417
380 416 417
381 382 418
381 417 418
382 383 419
382 418 419
383 384 420
383 419 420
384 385 421
384 420 421
385 386 422
385 421 422
386 387 423
386 422 423
387 388 424
387 423 424
388 389 425
388 424 425
389 390 426
389 425 426
390 391 427
390 426 427
391 392 428
391 427 428
392 393 429
392 428 429
393 394 430
393 429 430
394 395 431
394 430 431
395 396 432
395 431 432
396 397 432
397 398 434
397 432 433
397 433 434
398 399 435
398 434 435
399 400 436
399 435 436
400 401 437
400 436 437
401 402 438
401 437 438
402 403 439
402 438 439
403 404 440
403 439 440
404 405 441
404 440 441
405 406 442
405 441 442
406 407 443
406 442 443
407 408 444
407 443 444
408 409 445
408 444 445
409 410 446
409 445 446
410 411 447
410 446 447
411 412 448
411 447 448
412 413 449
412 448 449
413 414 450
413 449 450
414 415 451
414 450 451
415 416 452
415 451 452
416 417 453
416 452 453
417 418 454
417 453 454
418 419 455
418 454 455
419 420 456
419 455 456
420 421 457
420 456 457
421 422 458
421 457 458
422 423 459
422 458 459
423 424 460
423 459 460
424 425 461
424 460 461
425 426 462
425 461 462
426 427 463
426 462 463
427 428 464
427 463 464
428 429 465
428 464 465
429 430 466
429 465 466
430 431 467
430 466 467
431 432 468
431 467 468
432 433 468
433 434 470
433 468 469
433 469 470
434 435 471
434 470 471
435 436 472
435 471 472
436 437 473
436 472 473
437 438 474
437 473 474
438 439 475
438 474 475
439 440 476
439 475 476
440 441 477
440 476 477
441 442 478
441 477 478
442 443 479
442 478 479
443 444 480
443 479 480
444 445 481
444 480 481
445 446 482
445 481 482
446 447 483
446 482 483
447 448 484
447 483 484
448 449 485
448 484 485
449 450 486
449 485 486
450 451 487
450 486 487
451 452 488
451 487 488
452 453 489
452 488 489
453 454 490
453 489 490
454 455 491
454 490 491
455 456 492
455 491 492
456 457 493
456 492 493
457 458 494
457 493 494
458 459 495
458 494 495
459 460 496
459 495 496
460 461 497
460 496 497
461 462 498
461 497 498
462 463 499
462 498 499
463 464 500
463 499 500
464 465 501
464 500 501
465 466 502
465 501 502
466 467 503
466 502 503
467 468 504
467 503 504
468 469 504
469 470 506
469 504 505
469 505 506
470 471 507
470 506 507
471 472 508
471 507 508
472 473 509
472 508 509
473 474 510
473 509 510
474 475 511
474 510 511
475 476 512
475 511 512
476 477 513
476 512 513
477 478 514
477 513 514
478 479 515
478 514 515
479 480 516
479 515 516
480 481 517
480 516 517
481 482 518
481 517 518
482 483 519
482 518 519
483 484 520
483 519 520
484 485 521
484 520 521
485 486 522
485 521 522
486 487 523
486 522 523
487 488 524
487 523 524
488 489 525
488 524 525
489 490 526
489 525 526
490 491 527
490 526 527
491 492 528
491 527 528
492 493 529
492 528 529
493 494 530
493 529 530
494 495 531
494 530 531
495 496 532
495 531 532
496 497 533
496 532 533
497 498 534
497 533 534
498 499 535
498 534 535
499 500 536
499 535 536
500 501 537
500 536 537
501 502 538
501 537 538
502 503 539
502 538 539
503 504 540
503 539 540
504 505 540
505 506 542
505 540 541
505 541 542
506 507 543
506 542 543
507 508 544
507 543 544
508 509 545
508 544 545
509 510 546
509 545 546
510 511 547
510 546 547
511 512 548
511 547 548
512 513 549
512 548 549
513 514 550
513 549 550
514 515 551
514 550 551
515 516 552
515 551 552
516 517 553
516 552 553
517 518 554
517 553 554
518 519 555
518 554 555
519 520 556
519 555 556
520 521 557
520 556 557
521 522 558
521 557 558
522 523 559
522 558 559
523 524 560
523 559 560
524 525 561
524 560 561
525 526 562
525 561 562
526 527 563
526 562 563
527 528 564
527 563 564
528 529 565
528 564 565
529 530 566
529 565 566
530 531 567
530 566 567
531 532 568
531 567 568
532 533 569
532 568 569
533 534 570
533 569 570
534 535 571
534 570 571
535 536 572
535 571 572
536 537 573
536 572 573
537 538 574
537 573 574
538 539 575
538 574 575
539 540 576
539 575 576
540 541 576
541 542 578
541 576 577
541 577 578
542 543 579
542 578 579
543 544 580
543 579 580
544 545 581
544 580 581
545 546 582
545 581 582
546 547 583
546 582 583
547 548 584
547 583 584
548 549 585
548 584 585
549 550 586
549 585 586
550 551 587
550 586 587
551 552 588
551 587 588
552 553 589
552 588 589
553 554 590
553 589 590
554 555 591
554 590 591
555 556 592
555 591 592
556 557 593
556 592 593
557 558 594
557 593 594
558 559 595
558 594 595
559 560 596
559 595 596
560 561 597
560 596 597
561 562 598
561 597 598
562 563 599
562 598 599
563 564 600
563 599 600
564 565 601
564 600 601
565 566 602
565 601 602
566 567 603
566 602 603
567 568 604
567 603 604
568 569 605
568 604 605
569 570 606
569 605 606
570 571 607
570 606 607
571 572 608
571 607 608
572 573 609
572 608 609
573 574 610
573 609 610
574 575 611
574 610 611
575 576 612
575 611 612
576 577 612
577 578 614
577 612 613
577 613 614
578 579 615
578 614 615
579 580 616
579 615 616
580 581 617
580 616 617
581 582 618
581 617 618
582 583 619
582 618 619
583 584 620
583 619 620
584 585 621
584 620 621
585 586 622
585 621 622
586 587 623
586 622 623
587 588 624
587 623 624
588 589 625
588 624 625
589 590 626
589 625 626
590 591 627
590 626 627
591 592 628
591 627 628
592 593 629
592 628 629
593 594 630
593 629 630
594 595 631
594 630 631
595 596 632
595 631 632
596 597 633
596 632 633
597 598 634
597 633 634
598 599 635
598 634 635
599 600 636
599 635 636
600 601 637
600 636 637
601 602 638
601 637 638
602 603 639
602 638 639
603 604 640
603 639 640
604 605 641
604 640 641
605 606 642
605 641 642
606 607 643
606 642 643
607 608 644
607 643 644
608 609 645
608 644 645
609 610 646
609 645 646
610 611 647
610 646 647
611 612 648
611 647 648
612 613 648
613 614 650
613 648 649
613 649 650
614 615 651
614 650 651
615 616 652
615 651 652
616 617 653
616 652 653
617 618 654
617 653 654
618 619 655
618 654 655
619 620 656
619 655 656
620 621 657
620 656 657
621 622 658
621 657 658
622 623 659
622 658 659
623 624 660
623 659 660
624 625 661
624 660 661
625 626 662
625 661 662
626 627 663
626 662 663
627 628 664
627 663 664
628 629 665
628 664 665
629 630 666
629 665 666
630 631 667
630 666 667
631 632 668
631 667 668
632 633 669
632 668 669
633 634 670
633 669 670
634 635 671
634 670 671
635 636 672
635 671 672
636 637 673
636 672 673
637 638 674
637 673 674
638 639 675
638 674 675
639 640 676
639 675 676
640 641 677
640 676 677
641 642 678
641 677 678
642 643 679
642 678 679
643 644 680
643 679 680
644 645 681
644 680 681
645 646 682
645 681 682
646 647 683
646 682 683
647 648 684
647 683 684
648 649 684
649 650 686
649 684 685
649 685 686
650 651 687
650 686 687
651 652 688
651 687 688
652 653 689
652 688 689
653 654 690
653 689 690
654 655 691
654 690 691
655 656 692
655 691 692
656 657 693
656 692 693
657 658 694
657 693 694
658 659 695
658 694 695
659 660 696
659 695 696
660 661 697
660 696 697
661 662 698
661 697 698
662 663 699
662 698 699
663 664 700
663 699 700
664 665 701
664 700 701
665 666 702
665 701 702
666 667 703
666 702 703
667 668 704
667 703 704
668 669 705
668 704 705
669 670 706
669 705 706
670 671 707
670 706 707
671 672 708
671 707 708
672 673 709
672 708 709
673 674 710
673 709 710
674 675 711
674 710 711
675 676 712
675 711 712
676 677 713
676 712 713
677 678 714
677 713 714
678 679 715
678 714 715
679 680 716
679 715 716
680 681 717
680 716 717
681 682 718
681 717 718
682 683 719
682 718 719
683 684 720
683 719 720
684 685 720
685 686 722
685 720 721
685 721 722
686 687 723
686 722 723
687 688 724
687 723 724
688 689 725
688 724 725
689 690 726
689 725 726
690 691 727
690 726 727
691 692 728
691 727 728
692 693 729
692 728 729
693 694 730
693 729 730
694 695 731
694 730 731
695 696 732
695 731 732
696 697 733
696 732 733
697 698 734
697 733 734
698 699 735
698 734 735
699 700 736
699 735 736
700 701 737
700 736 737
701 702 738
701 737 738
702 703 739
702 738 739
703 704 740
703 739 740
704 705 741
704 740 741
705 706 742
705 741 742
706 707 743
706 742 743
707 708 744
707 743 744
708 709 745
708 744 745
709 710 746
709 745 746
710 711 747
710 746 747
711 712 748
711 747 748
712 713 749
712 748 749
713 714 750
713 749 750
714 715 751
714 750 751
715 716 752
715 751 752
716 717 753
716 752 753
717 718 754
717 753 754
718 719 755
718 754 755
719 720 756
719 755 756
720 721 756
721 722 758
721 756 757
721 757 758
722 723 759
722 758 759
723 724 760
723 759 760
724 725 761
724 760 761
725 726 762
725 761 762
726 727 763
726 762 763
727 728 764
727 763 764
728 729 765
728 764 765
729 730 766
729 765 766
730 731 767
730 766 767
731 732 768
731 767 768
732 733 769
732 768 769
733 734 770
733 769 770
734 735 771
734 770 771
735 736 772
735 771 772
736 737 773
736 772 773
737 738 774
737 773 774
738 739 775
738 774 775
739 740 776
739 775 776
740 741 777
740 776 777
741 742 778
741 777 778
742 743 779
742 778 779
743 744 780
743 779 780
744 745 781
744 780 781
745 746 782
745 781 782
746 747 783
746 782 783
747 748 784
747 783 784
748 749 785
748 784 785
749 750 786
749 785 786
750 751 787
750 786 787
751 752 788
751 787 788
752 753 789
752 788 789
753 754 790
753 789 790
754 755 791
754 790 791
755 756 792
755 791 792
756 757 792
757 758 794
757 792 793
757 793 794
758 759 795
758 794 795
759 760 796
759 795 796
760 761 797
760 796 797
761 762 798
761 797 798
762 763 799
762 798 799
763 764 800
763 799 800
764 765 801
764 800 801
765 766 802
765 801 802
766 767 803
766 802 803
767 768 804
767 803 804
768 769 805
768 804 805
769 770 806
769 805 806
770 771 807
770 806 807
771 772 808
771 807 808
772 773 809
772 808 809
773 774 810
773 809 810
774 775 811
774 810 811
775 776 812
775 811 812
776 777 813
776 812 813
777 778 814
777 813 814
778 779 815
778 814 815
779 780 816
779 815 816
780 781 817
780 816 817
781 782 818
781 817 818
782 783 819
782 818 819
783 784 820
783 819 820
784 785 821
784 820 821
785 786 822
785 821 822
786 787 823
786 822 823
787 788 824
787 823 824
788 789 825
788 824 825
789 790 826
789 825 826
790 791 827
790 826 827
791 792 828
791 827 828
792 793 828
793 794 830
793 828 829
793 829 830
794 795 831
794 830 831
795 796 832
795 831 832
796 797 833
796 832 833
797 798 834
797 833 834
798 799 835
798 834 835
799 800 836
799 835 836
800 801 837
800 836 837
801 802 838
801 837 838
802 803 839
802 838 839
803 804 840
803 839 840
804 805 841
804 840 841
805 806 842
805 841 842
806 807 843
806 842 843
807 808 844
807 843 844
808 809 845
808 844 845
809 810 846
809 845 846
810 811 847
810 846 847
811 812 848
811 847 848
812 813 849
812 848 849
813 814 850
813 849 850
814 815 851
814 850 851
815 816 852
815 851 852
816 817 853
816 852 853
817 818 854
817 853 854
818 819 855
818 854 855
819 820 856
819 855 856
820 821 857
820 856 857
821 822 858
821 857 858
822 823 859
822 858 859
823 824 860
823 859 860
824 825 861
824 860 861
825 826 862
825 861 862
826 827 863
826 862 863
827 828 864
827 863 864
828 829 864
829 830 866
829 864 865
829 865 866
830 831 867
830 866 867
831 832 868
831 867 868
832 833 869
832 868 869
833 834 870
833 869 870
834 835 871
834 870 871
835 836 872
835 871 872
836 837 873
836 872 873
837 838 874
837 873 874
838 839 875
838 874 875
839 840 876
839 875 876
840 841 877
840 876 877
841 842 878
841 877 878
842 843 879
842 878 879
843 844 880
843 879 880
844 845 881
844 880 881
845 846 882
845 881 882
846 847 883
846 882 883
847 848 884
847 883 884
848 849 885
848 884 885
849 850 886
849 885 886
850 851 887
850 886 887
851 852 888
851 887 888
852 853 889
852 888 889
853 854 890
853 889 890
854 855 891
854 890 891
855 856 892
855 891 892
856 857 893
856 892 893
857 858 894
857 893 894
858 859 895
858 894 895
859 860 896
859 895 896
860 861 897
860 896 897
861 862 898
861 897 898
862 863 899
862 898 899
863 864 900
863 899 900
864 865 900
865 866 902
865 900 901
865 901 902
866 867 903
866 902 903
867 868 904
867 903 904
868 869 905
868 904 905
869 870 906
869 905 906
870 871 907
870 906 907
871 872 908
871 907 908
872 873 909
872 908 909
873 874 910
873 909 910
874 875 911
874 910 911
875 876 912
875 911 912
876 877 913
876 912 913
877 878 914
877 913 914
878 879 915
878 914 915
879 880 916
879 915 916
880 881 917
880 916 917
881 882 918
881 917 918
882 883 919
882 918 919
883 884 920
883 919 920
884 885 921
884 920 921
885 886 922
885 921 922
886 887 923
886 922 923
887 888 924
887 923 924
888 889 925
888 924 925
889 890 926
889 925 926
890 891 927
890 926 927
891 892 928
891 927 928
892 893 929
892 928 929
893 894 930
893 929 930
894 895 931
894 930 931
895 896 932
895 931 932
896 897 933
896 932 933
897 898 934
897 933 934
898 899 935
898 934 935
899 900 936
899 935 936
900 901 936
901 902 938
901 936 937
901 937 938
902 903 939
902 938 939
903 904 940
903 939 940
904 905 941
904 940 941
905 906 942
905 941 942
906 907 943
906 942 943
907 908 944
907 943 944
908 909 945
908 944 945
909 910 946
909 945 946
910 911 947
910 946 947
911 912 948
911 947 948
912 913 949
912 948 949
913 914 950
913 949 950
914 915 951
914 950 951
915 916 952
915 951 952
916 917 953
916 952 953
917 918 954
917 953 954
918 919 955
918 954 955
919 920 956
919 955 956
920 921 957
920 956 957
921 922 958
921 957 958
922 923 959
922 958 959
923 924 960
923 959 960
924 925 961
924 960 961
925 926 962
925 961 962
926 927 963
926 962 963
927 928 964
927 963 964
928 929 965
928 964 965
929 930 966
929 965 966
930 931 967
930 966 967
931 932 968
931 967 968
932 933 969
932 968 969
933 934 970
933 969 970
934 935 971
934 970 971
935 936 972
935 971 972
936 937 972
937 938 974
937 972 973
937 973 974
938 939 975
938 974 975
939 940 976
939 975 976
940 941 977
940 976 977
941 942 978
941 977 978
942 943 979
942 978 979
943 944 980
943 979 980
944 945 981
944 980 981
945 946 982
945 981 982
946 947 983
946 982 983
947 948 984
947 983 984
948 949 985
948 984 985
949 950 986
949 985 986
950 951 987
950 986 987
951 952 988
951 987 988
952 953 989
952 988 989
953 954 990
953 989 990
954 955 991
954 990 991
955 956 992
955 991 992
956 957 993
956 992 993
957 958 994
957 993 994
958 959 995
958 994 995
959 960 996
959 995 996
960 961 997
960 996 997
961 962 998
961 997 998
962 963 999
962 998 999
963 964 1000
963 999 1000
964 965 1001
964 1000 1001
965 966 1002
965 1001 1002
966 967 1003
966 1002 1003
967 968 1004
967 1003 1004
968 969 1005
968 1004 1005
969 970 1006
969 1005 1006
970 971 1007
970 1006 1007
971 972 1008
971 1007 1008
972 973 1008
973 974 1010
973 1008 1009
973 1009 1010
974 975 1011
974 1010 1011
975 976 1012
975 1011 1012
976 977 1013
976 1012 1013
977 978 1014
977 1013 1014
978 979 1015
978 1014 1015
979 980 1016
979 1015 1016
980 981 1017
980 1016 1017
981 982 1018
981 1017 1018
982 983 1019
982 1018 1019
983 984 1020
983 1019 1020
984 985 1021
984 1020 1021
985 986 1022
985 1021 1022
986 987 1023
986 1022 1023
987 988 1024
987 1023 1024
988 989 1025
988 1024 1025
989 990 1026
989 1025 1026
990 991 1027
990 1026 1027
991 992 1028
991 1027 1028
992 993 1029
992 1028 1029
993 994 1030
993 1029 1030
994 995 1031
994 1030 1031
995 996 1032
995 1031 1032
996 997 1033
996 1032 1033
997 998 1034
997 1033 1034
998 999 1035
998 1034 1035
999 1000 1036
999 1035 1036
1000 1001 1037
1000 1036 1037
1001 1002 1038
1001 1037 1038
1002 1003 1039
1002 1038 1039
1003 1004 1040
1003 1039 1040
1004 1005 1041
1004 1040 1041
1005 1006 1042
1005 1041 1042
1006 1007 1043
1006 1042 1043
1007 1008 1044
1007 1043 1044
1008 1009 1044
1009 1010 1046
1009 1044 1045
1009 1045 1046
1010 1011 1047
1010 1046 1047
1011 1012 1048
1011 1047 1048
1012 1013 1049
1012 1048 1049
1013 1014 1050
1013 1049 1050
1014 1015 1051
1014 1050 1051
1015 1016 1052
1015 1051 1052
1016 1017 1053
1016 1052 1053
1017 1018 1054
1017 1053 1054
1018 1019 1055
1018 1054 1055
1019 1020 1056
1019 1055 1056
1020 1021 1057
1020 1056 1057
1021 1022 1058
1021 1057 1058
1022 1023 1059
1022 1058 1059
1023 1024 1060
1023 1059 1060
1024 1025 1061
1024 1060 1061
1025 1026 1062
1025 1061 1062
1026 1027 1063
1026 1062 1063
1027 1028 1064
1027 1063 1064
1028 1029 1065
1028 1064 1065
1029 1030 1066
1029 1065 1066
1030 1031 1067
1030 1066 1067
1031 1032 1068
1031 1067 1068
1032 1033 1069
1032 1068 1069
1033 1034 1070
1033 1069 1070
1034 1035 1071
1034 1070 1071
1035 1036 1072
1035 1071 1072
1036 1037 1073
1036 1072 1073
1037 1038 1074
1037 1073 1074
1038 1039 1075
1038 1074 1075
1039 1040 1076
1039 1075 1076
1040 1041 1077
1040 1076 1077
1041 1042 1078
1041 1077 1078
1042 1043 1079
1042 1078 1079
1043 1044 1080
1043 1079 1080
1044 1045 1080
1045 1046 1082
1045 1080 1081
1045 1081 1082
1046 1047 1083
1046 1082 1083
1047 1048 1084
1047 1083 1084
1048 1049 1085
1048 1084 1085
1049 1050 1086
1049 1085 1086
1050 1051 1087
1050 1086 1087
1051 1052 1088
1051 1087 1088
1052 1053 1089
1052 1088 1089
1053 1054 1090
1053 1089 1090
1054 1055 1091
1054 1090 1091
1055 1056 1092
1055 1091 1092
1056 1057 1093
1056 1092 1093
1057 1058 1094
1057 1093 1094
1058 1059 1095
1058 1094 1095
1059 1060 1096
1059 1095 1096
1060 1061 1097
1060 1096 1097
1061 1062 1098
1061 1097 1098
1062 1063 1099
1062 1098 1099
1063 1064 1100
1063 1099 1100
1064 1065 1101
1064 1100 1101
1065 1066 1102
1065 1101 1102
1066 1067 1103
1066 1102 1103
1067 1068 1104
1067 1103 1104
1068 1069 1105
1068 1104 1105
1069 1070 1106
1069 1105 1106
1070 1071 1107
1070 1106 1107
1071 1072 1108
1071 1107 1108
1072 1073 1109
1072 1108 1109
1073 1074 1110
1073 1109 1110
1074 1075 1111
1074 1110 1111
1075 1076 1112
1075 1111 1112
1076 1077 1113
1076 1112 1113
1077 1078 1114
1077 1113 1114
1078 1079 1115
1078 1114 1115
1079 1080 1116
1079 1115 1116
1080 1081 1116
1081 1082 1118
1081 1116 1117
1081 1117 1118
1082 1083 1119
1082 1118 1119
1083 1084 1120
1083 1119 1120
1084 1085 1121
1084 1120 1121
1085 1086 1122
1085 1121 1122
1086 1087 1123
1086 1122 1123
1087 1088 1124
1087 1123 1124
1088 1089 1125
1088 1124 1125
1089 1090 1126
1089 1125 1126
1090 1091 1127
1090 1126 1127
1091 1092 1128
1091 1127 1128
1092 1093 1129
1092 1128 1129
1093 1094 1130
1093 1129 1130
1094 1095 1131
1094 1130 1131
1095 1096 1132
1095 1131 1132
1096 1097 1133
1096 1132 1133
1097 1098 1134
1097 1133 1134
1098 1099 1135
1098 1134 1135
1099 1100 1136
1099 1135 1136
1100 1101 1137
1100 1136 1137
1101 1102 1138
1101 1137 1138
1102 1103 1139
1102 1138 1139
1103 1104 1140
1103 1139 1140
1104 1105 1141
1104 1140 1141
1105 1106 1142
1105 1141 1142
1106 1107 1143
1106 1142 1143
1107 1108 1144
1107 1143 1144
1108 1109 1145
1108 1144 1145
1109 1110 1146
1109 1145 1146
1110 1111 1147
1110 1146 1147
1111 1112 1148
1111 1147 1148
1112 1113 1149
1112 1148 1149
1113 1114 1150
1113 1149 1150
1114 1115 1151
1114 1150 1151
1115 1116 1152
1115 1151 1152
1116 1117 1152
1117 1118 1154
1117 1152 1153
1117 1153 1154
1118 1119 1155
1118 1154 1155
1119 1120 1156
1119 1155 1156
1120 1121 1157
1120 1156 1157
1121 1122 1158
1121 1157 1158
1122 1123 1159
1122 1158 1159
1123 1124 1160
1123 1159 1160
1124 1125 1161
1124 1160 1161
1125 1126 1162
1125 1161 1162
1126 1127 1163
1126 1162 1163
1127 1128 1164
1127 1163 1164
1128 1129 1165
1128 1164 1165
1129 1130 1166
1129 1165 1166
1130 1131 1167
1130 1166 1167
1131 1132 1168
1131 1167 1168
1132 1133 1169
1132 1168 1169
1133 1134 1170
1133 1169 1170
1134 1135 1171
1134 1170 1171
1135 1136 1172
1135 1171 1172
1136 1137 1173
1136 1172 1173
1137 1138 1174
1137 1173 1174
1138 1139 1175
1138 1174 1175
1139 1140 1176
1139 1175 1176
1140 1141 1177
1140 1176 1177
1141 1142 1178
1141 1177 1178
1142 1143 1179
1142 1178 1179
1143 1144 1180
1143 1179 1180
1144 1145 1181
1144 1180 1181
1145 1146 1182
1145 1181 1182
1146 1147 1183
1146 1182 1183
1147 1148 1184
1147 1183 1184
1148 1149 1185
1148 1184 1185
1149 1150 1186
1149 1185 1186
1150 1151 1187
1150 1186 1187
1151 1152 1188
1151 1187 1188
1152 1153 1188
1153 1154 1190
1153 1188 1189
1153 1189 1190
1154 1155 1191
1154 1190 1191
1155 1156 1192
1155 1191 1192
1156 1157 1193
1156 1192 1193
1157 1158 1194
1157 1193 1194
1158 1159 1195
1158 1194 1195
1159 1160 1196
1159 1195 1196
1160 1161 1197
1160 1196 1197
1161 1162 1198
1161 1197 1198
1162 1163 1199
1162 1198 1199
1163 1164 1200
1163 1199 1200
1164 1165 1201
1164 1200 1201
1165 1166 1202
1165 1201 1202
1166 1167 1203
1166 1202 1203
1167 1168 1204
1167 1203 1204
1168 1169 1205
1168 1204 1205
1169 1170 1206
1169 1205 1206
1170 1171 1207
1170 1206 1207
1171 1172 1208
1171 1207 1208
1172 1173 1209
1172 1208 1209
1173 1174 1210
1173 1209 1210
1174 1175 1211
1174 1210 1211
1175 1176 1212
1175 1211 1212
1176 1177 1213
1176 1212 1213
1177 1178 1214
1177 1213 1214
1178 1179 1215
1178 1214 1215
1179 1180 1216
1179 1215 1216
1180 1181 1217
1180 1216 1217
1181 1182 1218
1181 1217 1218
1182 1183 1219
1182 1218 1219
1183 1184 1220
1183 1219 1220
1184 1185 1221
1184 1220 1221
1185 1186 1222
1185 1221 1222
1186 1187 1223
1186 1222 1223
1187 1188 1224
1187 1223 1224
1188 1189 1224
1189 1190 1226
1189 1224 1225
1189 1225 1226
1190 1191 1227
1190 1226 1227
1191 1192 1228
1191 1227 1228
1192 1193 1229
1192 1228 1229
1193 1194 1230
1193 1229 1230
1194 1195 1231
1194 1230 1231
1195 1196 1232
1195 1231 1232
1196 1197 1233
1196 1232 1233
1197 1198 1234
1197 1233 1234
1198 1199 1235
1198 1234 1235
1199 1200 1236
1199 1235 1236
1200 1201 1237
1200 1236 1237
1201 1202 1238
1201 1237 1238
1202 1203 1239
1202 1238 1239
1203 1204 1240
1203 1239 1240
1204 1205 1241
1204 1240 1241
1205 1206 1242
1205 1241 1242
1206 1207 1243
1206 1242 1243
1207 1208 1244
1207 1243 1244
1208 1209 1245
1208 1244 1245
1209 1210 1246
1209 1245 1246
1210 1211 1247
1210 1246 1247
1211 1212 1248
1211 1247 1248
1212 1213 1249
1212 1248 1249
1213 1214 1250
1213 1249 1250
1214 1215 1251
1214 1250 1251
1215 1216 1252
1215 1251 1252
1216 1217 1253
1216 1252 1253
1217 1218 1254
1217 1253 1254
1218 1219 1255
1218 1254 1255
1219 1220 1256
1219 1255 1256
1220 1221 1257
1220 1256 1257
1221 1222 1258
1221 1257 1258
1222 1223 1259
1222 1258 1259
1223 1224 1260
1223 1259 1260
1224 1225 1260
1225 1226 1262
1225 1260 1261
1225 1261 1262
1226 1227 1263
1226 1262 1263
1227 1228 1264
1227 1263 1264
1228 1229 1265
1228 1264 1265
1229 1230 1266
1229 1265 1266
1230 1231 1267
1230 1266 1267
1231 1232 1268
1231 1267 1268
1232 1233 1269
1232 1268 1269
1233 1234 1270
1233 1269 1270
1234 1235 1271
1234 1270 1271
1235 1236 1272
1235 1271 1272
1236 1237 1273
1236 1272 1273
1237 1238 1274
1237 1273 1274
1238 1239 1275
1238 1274 1275
1239 1240 1276
1239 1275 1276
1240 1241 1277
1240 1276 1277
1241 1242 1278
1241 1277 1278
1242 1243 1279
1242 1278 1279
1243 1244 1280
1243 1279 1280
1244 1245 1281
1244 1280 1281
1245 1246 1282
1245 1281 1282
1246 1247 1283
1246 1282 1283
1247 1248 1284
1247 1283 1284
1248 1249 1285
1248 1284 1285
1249 1250 1286
1249 1285 1286
1250 1251 1287
1250 1286 1287
1251 1252 1288
1251 1287 1288
1252 1253 1289
1252 1288 1289
1253 1254 1290
1253 1289 1290
1254 1255 1291
1254 1290 1291
1255 1256 1292
1255 1291 1292
1256 1257 1293
1256 1292 1293
1257 1258 1294
1257 1293 1294
1258 1259 1295
1258 1294 1295
1259 1260 1296
1259 1295 1296
1260 1261 1296
1261 1262 1298
1261 1296 1297
1261 1297 1298
1262 1263 1299
1262 1298 1299
1263 1264 1300
1263 1299 1300
1264 1265 1301
1264 1300 1301
1265 1266 1302
1265 1301 1302
1266 1267 1303
1266 1302 1303
1267 1268 1304
1267 1303 1304
1268 1269 1305
1268 1304 1305
1269 1270 1306
1269 1305 1306
1270 1271 1307
1270 1306 1307
1271 1272 1308
1271 1307 1308
1272 1273 1309
1272 1308 1309
1273 1274 1310
1273 1309 1310
1274 1275 1311
1274 1310 1311
1275 1276 1312
1275 1311 1312
1276 1277 1313
1276 1312 1313
1277 1278 1314
1277 1313 1314
1278 1279 1315
1278 1314 1315
1279 1280 1316
1279 1315 1316
1280 1281 1317
1280 1316 1317
1281 1282 1318
1281 1317 1318
1282 1283 1319
1282 1318 1319
1283 1284 1320
1283 1319 1320
1284 1285 1321
1284 1320 1321
1285 1286 1322
1285 1321 1322
1286 1287 1323
1286 1322 1323
1287 1288 1324
1287 1323 1324
1288 1289 1325
1288 1324 1325
1289 1290 1326
1289 1325 1326
1290 1291 1327
1290 1326 1327
1291 1292 1328
1291 1327 1328
1292 1293 1329
1292 1328 1329
1293 1294 1330
1293 1329 1330
1294 1295 1331
1294 1330 1331
1295 1296 1332
1295 1331 1332
1296 1297 1332
1297 1298 1334
1297 1332 1333
1297 1333 1334
1298 1299 1335
1298 1334 1335
1299 1300 1336
1299 1335 1336
1300 1301 1337
1300 1336 1337
1301 1302 1338
1301 1337 1338
1302 1303 1339
1302 1338 1339
1303 1304 1340
1303 1339 1340
1304 1305 1341
1304 1340 1341
1305 1306 1342
1305 1341 1342
1306 1307 1343
1306 1342 1343
1307 1308 1344
1307 1343 1344
1308 1309 1345
1308 1344 1345
1309 1310 1346
1309 1345 1346
1310 1311 1347
1310 1346 1347
1311 1312 1348
1311 1347 1348
1312 1313 1349
1312 1348 1349
1313 1314 1350
1313 1349 1350
1314 1315 1351
1314 1350 1351
1315 1316 1352
1315 1351 1352
1316 1317 1353
1316 1352 1353
1317 1318 1354
1317 1353 1354
1318 1319 1355
1318 1354 1355
1319 1320 1356
1319 1355 1356
1320 1321 1357
1320 1356 1357
1321 1322 1358
1321 1357 1358
1322 1323 1359
1322 1358 1359
1323 1324 1360
1323 1359 1360
1324 1325 1361
1324 1360 1361
1325 1326 1362
1325 1361 1362
1326 1327 1363
1326 1362 1363
1327 1328 1364
1327 1363 1364
1328 1329 1365
1328 1364 1365
1329 1330 1366
1329 1365 1366
1330 1331 1367
1330 1366 1367
1331 1332 1368
1331 1367 1368
1332 1333 1368
1333 1334 1370
1333 1368 1369
1333 1369 1370
1334 1335 1371
1334 1370 1371
1335 1336 1372
1335 1371 1372
1336 1337 1373
1336 1372 1373
1337 1338 1374
1337 1373 1374
1338 1339 1375
1338 1374 1375
1339 1340 1376
1339 1375 1376
1340 1341 1377
1340 1376 1377
1341 1342 1378
1341 1377 1378
1342 1343 1379
1342 1378 1379
1343 1344 1380
1343 1379 1380
1344 1345 1381
1344 1380 1381
1345 1346 1382
1345 1381 1382
1346 1347 1383
1346 1382 1383
1347 1348 1384
1347 1383 1384
1348 1349 1385
1348 1384 1385
1349 1350 1386
1349 1385 1386
1350 1351 1387
1350 1386 1387
1351 1352 1388
1351 1387 1388
1352 1353 1389
1352 1388 1389
1353 1354 1390
1353 1389 1390
1354 1355 1391
1354 1390 1391
1355 1356 1392
1355 1391 1392
1356 1357 1393
1356 1392 1393
1357 1358 1394
1357 1393 1394
1358 1359 1395
1358 1394 1395
1359 1360 1396
1359 1395 1396
1360 1361 1397
1360 1396 1397
1361 1362 1398
1361 1397 1398
1362 1363 1399
1362 1398 1399
1363 1364 1400
1363 1399 1400
1364 1365 1401
1364 1400 1401
1365 1366 1402
1365 1401 1402
1366 1367 1403
1366 1402 1403
1367 1368 1404
1367 1403 1404
1368 1369 1404
1369 1370 1406
1369 1404 1405
1369 1405 1406
1370 1371 1407
1370 1406 1407
1371 1372 1408
1371 1407 1408
1372 1373 1409
1372 1408 1409
1373 1374 1410
1373 1409 1410
1374 1375 1411
1374 1410 1411
1375 1376 1412
1375 1411 1412
1376 1377 1413
1376 1412 1413
1377 1378 1414
1377 1413 1414
1378 1379 1415
1378 1414 1415
1379 1380 1416
1379 1415 1416
1380 1381 1417
1380 1416 1417
1381 1382 1418
1381 1417 1418
1382 1383 1419
1382 1418 1419
1383 1384 1420
1383 1419 1420
1384 1385 1421
1384 1420 1421
1385 1386 1422
1385 1421 1422
1386 1387 1423
1386 1422 1423
1387 1388 1424
1387 1423 1424
1388 1389 1425
1388 1424 1425
1389 1390 1426
1389 1425 1426
1390 1391 1427
1390 1426 1427
1391 1392 1428
1391 1427 1428
1392 1393 1429
1392 1428 1429
1393 1394 1430
1393 1429 1430
1394 1395 1431
1394 1430 1431
1395 1396 1432
1395 1431 1432
1396 1397 1433
1396 1432 1433
1397 1398 1434
1397 1433 1434
1398 1399 1435
1398 1434 1435
1399 1400 1436
1399 1435 1436
1400 1401 1437
1400 1436 1437
1401 1402 1438
1401 1437 1438
1402 1403 1439
1402 1438 1439
1403 1404 1440
1403 1439 1440
1404 1405 1440
1405 1406 1442
1405 1440 1441
1405 1441 1442
1406 1407 1443
1406 1442 1443
1407 1408 1444
1407 1443 1444
1408 1409 1445
1408 1444 1445
1409 1410 1446
1409 1445 1446
1410 1411 1447
1410 1446 1447
1411 1412 1448
1411 1447 1448
1412 1413 1449
1412 1448 1449
1413 1414 1450
1413 1449 1450
1414 1415 1451
1414 1450 1451
1415 1416 1452
1415 1451 1452
1416 1417 1453
1416 1452 1453
1417 1418 1454
1417 1453 1454
1418 1419 1455
1418 1454 1455
1419 1420 1456
1419 1455 1456
1420 1421 1457
1420 1456 1457
1421 1422 1458
1421 1457 1458
1422 1423 1459
1422 1458 1459
1423 1424 1460
1423 1459 1460
1424 1425 1461
1424 1460 1461
1425 1426 1462
1425 1461 1462
1426 1427 1463
1426 1462 1463
1427 1428 1464
1427 1463 1464
1428 1429 1465
1428 1464 1465
1429 1430 1466
1429 1465 1466
1430 1431 1467
1430 1466 1467
1431 1432 1468
1431 1467 1468
1432 1433 1469
1432 1468 1469
1433 1434 1470
1433 1469 1470
1434 1435 1471
1434 1470 1471
1435 1436 1472
1435 1471 1472
1436 1437 1473
1436 1472 1473
1437 1438 1474
1437 1473 1474
1438 1439 1475
1438 1474 1475
1439 1440 1476
1439 1475 1476
1440 1441 1476
1441 1442 1478
1441 1476 1477
1441 1477 1478
1442 1443 1479
1442 1478 1479
1443 1444 1480
1443 1479 1480
1444 1445 1481
1444 1480 1481
1445 1446 1482
1445 1481 1482
1446 1447 1483
1446 1482 1483
1447 1448 1484
1447 1483 1484
1448 1449 1485
1448 1484 1485
1449 1450 1486
1449 1485 1486
1450 1451 1487
1450 1486 1487
1451 1452 1488
1451 1487 1488
1452 1453 1489
1452 1488 1489
1453 1454 1490
1453 1489 1490
1454 1455 1491
1454 1490 1491
1455 1456 1492
1455 1491 1492
1456 1457 1493
1456 1492 1493
1457 1458 1494
1457 1493 1494
1458 1459 1495
1458 1494 1495
1459 1460 1496
1459 1495 1496
1460 1461 1497
1460 1496 1497
1461 1462 1498
1461 1497 1498
1462 1463 1499
1462 1498 1499
1463 1464 1500
1463 1499 1500
1464 1465 1501
1464 1500 1501
1465 1466 1502
1465 1501 1502
1466 1467 1503
1466 1502 1503
1467 1468 1504
1467 1503 1504
1468 1469 1505
1468 1504 1505
1469 1470 1506
1469 1505 1506
1470 1471 1507
1470 1506 1507
1471 1472 1508
1471 1507 1508
1472 1473 1509
1472 1508 1509
1473 1474 1510
1473 1509 1510
1474 1475 1511
1474 1510 1511
1475 1476 1512
1475 1511 1512
1476 1477 1512
1477 1478 1514
1477 1512 1513
1477 1513 1514
1478 1479 1515
1478 1514 1515
1479 1480 1516
1479 1515 1516
1480 1481 1517
1480 1516 1517
1481 1482 1518
1481 1517 1518
1482 1483 1519
1482 1518 1519
1483 1484 1520
1483 1519 1520
1484 1485 1521
1484 1520 1521
1485 1486 1522
1485 1521 1522
1486 1487 1523
1486 1522 1523
1487 1488 1524
1487 1523 1524
1488 1489 1525
1488 1524 1525
1489 1490 1526
1489 1525 1526
1490 1491 1527
1490 1526 1527
1491 1492 1528
1491 1527 1528
1492 1493 1529
1492 1528 1529
1493 1494 1530
1493 1529 1530
1494 1495 1531
1494 1530 1531
1495 1496 1532
1495 1531 1532
1496 1497 1533
1496 1532 1533
1497 1498 1534
1497 1533 1534
1498 1499 1535
1498 1534 1535
1499 1500 1536
1499 1535 1536
1500 1501 1537
1500 1536 1537
1501 1502 1538
1501 1537 1538
1502 1503 1539
1502 1538 1539
1503 1504 1540
1503 1539 1540
1504 1505 1541
1504 1540 1541
1505 1506 1542
1505 1541 1542
1506 1507 1543
1506 1542 1543
1507 1508 1544
1507 1543 1544
1508 1509 1545
1508 1544 1545
1509 1510 1546
1509 1545 1546
1510 1511 1547
1510 1546 1547
1511 1512 1548
1511 1547 1548
1512 1513 1548
1513 1514 1550
1513 1548 1549
1513 1549 1550
1514 1515 1551
1514 1550 1551
1515 1516 1552
1515 1551 1552
1516 1517 1553
1516 1552 1553
1517 1518 1554
1517 1553 1554
1518 1519 1555
1518 1554 1555
1519 1520 1556
1519 1555 1556
1520 1521 1557
1520 1556 1557
1521 1522 1558
1521 1557 1558
1522 1523 1559
1522 1558 1559
1523 1524 1560
1523 1559 1560
1524 1525 1561
1524 1560 1561
1525 1526 1562
1525 1561 1562
1526 1527 1563
1526 1562 1563
1527 1528 1564
1527 1563 1564
1528 1529 1565
1528 1564 1565
1529 1530 1566
1529 1565 1566
1530 1531 1567
1530 1566 1567
1531 1532 1568
1531 1567 1568
1532 1533 1569
1532 1568 1569
1533 1534 1570
1533 1569 1570
1534 1535 1571
1534 1570 1571
1535 1536 1572
1535 1571 1572
1536 1537 1573
1536 1572 1573
1537 1538 1574
1537 1573 1574
1538 1539 1575
1538 1574 1575
1539 1540 1576
1539 1575 1576
1540 1541 1577
1540 1576 1577
1541 1542 1578
1541 1577 1578
1542 1543 1579
1542 1578 1579
1543 1544 1580
1543 1579 1580
1544 1545 1581
1544 1580 1581
1545 1546 1582
1545 1581 1582
1546 1547 1583
1546 1582 1583
1547 1548 1584
1547 1583 1584
1548 1549 1584
1549 1550 1585
1549 1584 1585
1550 1551 1585
1551 1552 1585
1552 1553 1585
1553 1554 1585
1554 1555 1585
1555 1556 1585
1556 1557 1585
1557 1558 1585
1558 1559 1585
1559 1560 1585
1560 1561 1585
1561 1562 1585
1562 1563 1585
1563 1564 1585
1564 1565 1585
1565 1566 1585
1566 1567 1585
1567 1568 1585
1568 1569 1585
1569 1570 1585
1570 1571 1585
1571 1572 1585
1572 1573 1585
1573 1574 1585
1574 1575 1585
1575 1576 1585
1576 1577 1585
1577 1578 1585
1578 1579 1585
1579 1580 1585
1580 1581 1585
1581 1582 1585
1582 1583 1585
1583 1584 1585
