1.500000 0.666667 -2.500000
1.500000 0.666261 -2.488374
1.502019 0.666261 -2.488551
1.503976 0.666261 -2.489075
1.505813 0.666261 -2.489932
1.507473 0.666261 -2.491094
1.508906 0.666261 -2.492527
1.510068 0.666261 -2.494187
1.510925 0.666261 -2.496024
1.511449 0.666261 -2.497981
1.511626 0.666261 -2.500000
1.511449 0.666261 -2.502019
1.510925 0.666261 -2.503976
1.510068 0.666261 -2.505813
1.508906 0.666261 -2.507473
1.507473 0.666261 -2.508906
1.505813 0.666261 -2.510068
1.503976 0.666261 -2.510925
1.502019 0.666261 -2.511449
1.500000 0.666261 -2.511626
1.497981 0.666261 -2.511449
1.496024 0.666261 -2.510925
1.494187 0.666261 -2.510068
1.492527 0.666261 -2.508906
1.491094 0.666261 -2.507473
1.489932 0.666261 -2.505813
1.489075 0.666261 -2.503976
1.488551 0.666261 -2.502019
1.488374 0.666261 -2.500000
1.488551 0.666261 -2.497981
1.489075 0.666261 -2.496024
1.489932 0.666261 -2.494187
1.491094 0.666261 -2.492527
1.492527 0.666261 -2.491094
1.494187 0.666261 -2.489932
1.496024 0.666261 -2.489075
1.497981 0.666261 -2.488551
1.500000 0.665045 -2.476804
1.504028 0.665045 -2.477157
1.507933 0.665045 -2.478203
1.511598 0.665045 -2.479912
1.514910 0.665045 -2.482231
1.517769 0.665045 -2.485090
1.520088 0.665045 -2.488402
1.521797 0.665045 -2.492067
1.522843 0.665045 -2.495972
1.523196 0.665045 -2.500000
1.522843 0.665045 -2.504028
1.521797 0.665045 -2.507933
1.520088 0.665045 -2.511598
1.517769 0.665045 -2.514910
1.514910 0.665045 -2.517769
1.511598 0.665045 -2.520088
1.507933 0.665045 -2.521797
1.504028 0.665045 -2.522843
1.500000 0.665045 -2.523196
1.495972 0.665045 -2.522843
1.492067 0.665045 -2.521797
1.488402 0.665045 -2.520088
1.485090 0.665045 -2.517769
1.482231 0.665045 -2.514910
1.479912 0.665045 -2.511598
1.478203 0.665045 -2.507933
1.477157 0.665045 -2.504028
1.476804 0.665045 -2.500000
1.477157 0.665045 -2.495972
1.478203 0.665045 -2.492067
1.479912 0.665045 -2.488402
1.482231 0.665045 -2.485090
1.485090 0.665045 -2.482231
1.488402 0.665045 -2.479912
1.492067 0.665045 -2.478203
1.495972 0.665045 -2.477157
1.500000 0.663025 -2.465348
1.506017 0.663025 -2.465874
1.511852 0.663025 -2.467438
1.517326 0.663025 -2.469991
1.522274 0.663025 -2.473455
1.526545 0.663025 -2.477726
1.530009 0.663025 -2.482674
1.532562 0.663025 -2.488148
1.534126 0.663025 -2.493983
1.534652 0.663025 -2.500000
1.534126 0.663025 -2.506017
1.532562 0.663025 -2.511852
1.530009 0.663025 -2.517326
1.526545 0.663025 -2.522274
1.522274 0.663025 -2.526545
1.517326 0.663025 -2.530009
1.511852 0.663025 -2.532562
1.506017 0.663025 -2.534126
1.500000 0.663025 -2.534652
1.493983 0.663025 -2.534126
1.488148 0.663025 -2.532562
1.482674 0.663025 -2.530009
1.477726 0.663025 -2.526545
1.473455 0.663025 -2.522274
1.469991 0.663025 -2.517326
1.467438 0.663025 -2.511852
1.465874 0.663025 -2.506017
1.465348 0.663025 -2.500000
1.465874 0.663025 -2.493983
1.467438 0.663025 -2.488148
1.469991 0.663025 -2.482674
1.473455 0.663025 -2.477726
1.477726 0.663025 -2.473455
1.482674 0.663025 -2.469991
1.488148 0.663025 -2.467438
1.493983 0.663025 -2.465874
1.500000 0.660210 -2.454060
1.507977 0.660210 -2.454758
1.515712 0.660210 -2.456831
1.522970 0.660210 -2.460215
1.529529 0.660210 -2.464808
1.535192 0.660210 -2.470471
1.539785 0.660210 -2.477030
1.543169 0.660210 -2.484288
1.545242 0.660210 -2.492023
1.545940 0.660210 -2.500000
1.545242 0.660210 -2.507977
1.543169 0.660210 -2.515712
1.539785 0.660210 -2.522970
1.535192 0.660210 -2.529529
1.529529 0.660210 -2.535192
1.522970 0.660210 -2.539785
1.515712 0.660210 -2.543169
1.507977 0.660210 -2.545242
1.500000 0.660210 -2.545940
1.492023 0.660210 -2.545242
1.484288 0.660210 -2.543169
1.477030 0.660210 -2.539785
1.470471 0.660210 -2.535192
1.464808 0.660210 -2.529529
1.460215 0.660210 -2.522970
1.456831 0.660210 -2.515712
1.454758 0.660210 -2.507977
1.454060 0.660210 -2.500000
1.454758 0.660210 -2.492023
1.456831 0.660210 -2.484288
1.460215 0.660210 -2.477030
1.464808 0.660210 -2.470471
1.470471 0.660210 -2.464808
1.477030 0.660210 -2.460215
1.484288 0.660210 -2.456831
1.492023 0.660210 -2.454758
1.500000 0.656615 -2.442997
1.509899 0.656615 -2.443863
1.519496 0.656615 -2.446434
1.528502 0.656615 -2.450634
1.536641 0.656615 -2.456333
1.543667 0.656615 -2.463359
1.549366 0.656615 -2.471498
1.553566 0.656615 -2.480504
1.556137 0.656615 -2.490101
1.557003 0.656615 -2.500000
1.556137 0.656615 -2.509899
1.553566 0.656615 -2.519496
1.549366 0.656615 -2.528502
1.543667 0.656615 -2.536641
1.536641 0.656615 -2.543667
1.528502 0.656615 -2.549366
1.519496 0.656615 -2.553566
1.509899 0.656615 -2.556137
1.500000 0.656615 -2.557003
1.490101 0.656615 -2.556137
1.480504 0.656615 -2.553566
1.471498 0.656615 -2.549366
1.463359 0.656615 -2.543667
1.456333 0.656615 -2.536641
1.450634 0.656615 -2.528502
1.446434 0.656615 -2.519496
1.443863 0.656615 -2.509899
1.442997 0.656615 -2.500000
1.443863 0.656615 -2.490101
1.446434 0.656615 -2.480504
1.450634 0.656615 -2.471498
1.456333 0.656615 -2.463359
1.463359 0.656615 -2.456333
1.471498 0.656615 -2.450634
1.480504 0.656615 -2.446434
1.490101 0.656615 -2.443863
1.500000 0.652258 -2.432211
1.511772 0.652258 -2.433240
1.523185 0.652258 -2.436299
1.533895 0.652258 -2.441293
1.543574 0.652258 -2.448070
1.551930 0.652258 -2.456426
1.558707 0.652258 -2.466105
1.563701 0.652258 -2.476815
1.566760 0.652258 -2.488228
1.567789 0.652258 -2.500000
1.566760 0.652258 -2.511772
1.563701 0.652258 -2.523185
1.558707 0.652258 -2.533895
1.551930 0.652258 -2.543574
1.543574 0.652258 -2.551930
1.533895 0.652258 -2.558707
1.523185 0.652258 -2.563701
1.511772 0.652258 -2.566760
1.500000 0.652258 -2.567789
1.488228 0.652258 -2.566760
1.476815 0.652258 -2.563701
1.466105 0.652258 -2.558707
1.456426 0.652258 -2.551930
1.448070 0.652258 -2.543574
1.441293 0.652258 -2.533895
1.436299 0.652258 -2.523185
1.433240 0.652258 -2.511772
1.432211 0.652258 -2.500000
1.433240 0.652258 -2.488228
1.436299 0.652258 -2.476815
1.441293 0.652258 -2.466105
1.448070 0.652258 -2.456426
1.456426 0.652258 -2.448070
1.466105 0.652258 -2.441293
1.476815 0.652258 -2.436299
1.488228 0.652258 -2.433240
1.500000 0.647158 -2.421755
1.513587 0.647158 -2.422943
1.526761 0.647158 -2.426473
1.539123 0.647158 -2.432238
1.550295 0.647158 -2.440061
1.559939 0.647158 -2.449705
1.567762 0.647158 -2.460877
1.573527 0.647158 -2.473239
1.577057 0.647158 -2.486413
1.578245 0.647158 -2.500000
1.577057 0.647158 -2.513587
1.573527 0.647158 -2.526761
1.567762 0.647158 -2.539123
1.559939 0.647158 -2.550295
1.550295 0.647158 -2.559939
1.539123 0.647158 -2.567762
1.526761 0.647158 -2.573527
1.513587 0.647158 -2.577057
1.500000 0.647158 -2.578245
1.486413 0.647158 -2.577057
1.473239 0.647158 -2.573527
1.460877 0.647158 -2.567762
1.449705 0.647158 -2.559939
1.440061 0.647158 -2.550295
1.432238 0.647158 -2.539123
1.426473 0.647158 -2.526761
1.422943 0.647158 -2.513587
1.421755 0.647158 -2.500000
1.422943 0.647158 -2.486413
1.426473 0.647158 -2.473239
1.432238 0.647158 -2.460877
1.440061 0.647158 -2.449705
1.449705 0.647158 -2.440061
1.460877 0.647158 -2.432238
1.473239 0.647158 -2.426473
1.486413 0.647158 -2.422943
1.500000 0.641341 -2.411680
1.515337 0.641341 -2.413022
1.530207 0.641341 -2.417006
1.544160 0.641341 -2.423513
1.556771 0.641341 -2.432343
1.567657 0.641341 -2.443229
1.576487 0.641341 -2.455840
1.582994 0.641341 -2.469793
1.586978 0.641341 -2.484663
1.588320 0.641341 -2.500000
1.586978 0.641341 -2.515337
1.582994 0.641341 -2.530207
1.576487 0.641341 -2.544160
1.567657 0.641341 -2.556771
1.556771 0.641341 -2.567657
1.544160 0.641341 -2.576487
1.530207 0.641341 -2.582994
1.515337 0.641341 -2.586978
1.500000 0.641341 -2.588320
1.484663 0.641341 -2.586978
1.469793 0.641341 -2.582994
1.455840 0.641341 -2.576487
1.443229 0.641341 -2.567657
1.432343 0.641341 -2.556771
1.423513 0.641341 -2.544160
1.417006 0.641341 -2.530207
1.413022 0.641341 -2.515337
1.411680 0.641341 -2.500000
1.413022 0.641341 -2.484663
1.417006 0.641341 -2.469793
1.423513 0.641341 -2.455840
1.432343 0.641341 -2.443229
1.443229 0.641341 -2.432343
1.455840 0.641341 -2.423513
1.469793 0.641341 -2.417006
1.484663 0.641341 -2.413022
1.500000 0.634836 -2.402036
1.517011 0.634836 -2.403524
1.533506 0.634836 -2.407944
1.548982 0.634836 -2.415160
1.562970 0.634836 -2.424955
1.575045 0.634836 -2.437030
1.584840 0.634836 -2.451018
1.592056 0.634836 -2.466494
1.596476 0.634836 -2.482989
1.597964 0.634836 -2.500000
1.596476 0.634836 -2.517011
1.592056 0.634836 -2.533506
1.584840 0.634836 -2.548982
1.575045 0.634836 -2.562970
1.562970 0.634836 -2.575045
1.548982 0.634836 -2.584840
1.533506 0.634836 -2.592056
1.517011 0.634836 -2.596476
1.500000 0.634836 -2.597964
1.482989 0.634836 -2.596476
1.466494 0.634836 -2.592056
1.451018 0.634836 -2.584840
1.437030 0.634836 -2.575045
1.424955 0.634836 -2.562970
1.415160 0.634836 -2.548982
1.407944 0.634836 -2.533506
1.403524 0.634836 -2.517011
1.402036 0.634836 -2.500000
1.403524 0.634836 -2.482989
1.407944 0.634836 -2.466494
1.415160 0.634836 -2.451018
1.424955 0.634836 -2.437030
1.437030 0.634836 -2.424955
1.451018 0.634836 -2.415160
1.466494 0.634836 -2.407944
1.482989 0.634836 -2.403524
1.500000 0.627674 -2.392869
1.518603 0.627674 -2.394496
1.536641 0.627674 -2.399330
1.553566 0.627674 -2.407222
1.568863 0.627674 -2.417933
1.582067 0.627674 -2.431137
1.592778 0.627674 -2.446434
1.600670 0.627674 -2.463359
1.605504 0.627674 -2.481397
1.607131 0.627674 -2.500000
1.605504 0.627674 -2.518603
1.600670 0.627674 -2.536641
1.592778 0.627674 -2.553566
1.582067 0.627674 -2.568863
1.568863 0.627674 -2.582067
1.553566 0.627674 -2.592778
1.536641 0.627674 -2.600670
1.518603 0.627674 -2.605504
1.500000 0.627674 -2.607131
1.481397 0.627674 -2.605504
1.463359 0.627674 -2.600670
1.446434 0.627674 -2.592778
1.431137 0.627674 -2.582067
1.417933 0.627674 -2.568863
1.407222 0.627674 -2.553566
1.399330 0.627674 -2.536641
1.394496 0.627674 -2.518603
1.392869 0.627674 -2.500000
1.394496 0.627674 -2.481397
1.399330 0.627674 -2.463359
1.407222 0.627674 -2.446434
1.417933 0.627674 -2.431137
1.431137 0.627674 -2.417933
1.446434 0.627674 -2.407222
1.463359 0.627674 -2.399330
1.481397 0.627674 -2.394496
1.500000 0.619890 -2.384224
1.520104 0.619890 -2.385982
1.539598 0.619890 -2.391206
1.557888 0.619890 -2.399735
1.574420 0.619890 -2.411310
1.588690 0.619890 -2.425580
1.600265 0.619890 -2.442112
1.608794 0.619890 -2.460402
1.614018 0.619890 -2.479896
1.615776 0.619890 -2.500000
1.614018 0.619890 -2.520104
1.608794 0.619890 -2.539598
1.600265 0.619890 -2.557888
1.588690 0.619890 -2.574420
1.574420 0.619890 -2.588690
1.557888 0.619890 -2.600265
1.539598 0.619890 -2.608794
1.520104 0.619890 -2.614018
1.500000 0.619890 -2.615776
1.479896 0.619890 -2.614018
1.460402 0.619890 -2.608794
1.442112 0.619890 -2.600265
1.425580 0.619890 -2.588690
1.411310 0.619890 -2.574420
1.399735 0.619890 -2.557888
1.391206 0.619890 -2.539598
1.385982 0.619890 -2.520104
1.384224 0.619890 -2.500000
1.385982 0.619890 -2.479896
1.391206 0.619890 -2.460402
1.399735 0.619890 -2.442112
1.411310 0.619890 -2.425580
1.425580 0.619890 -2.411310
1.442112 0.619890 -2.399735
1.460402 0.619890 -2.391206
1.479896 0.619890 -2.385982
1.500000 0.611522 -2.376143
1.521508 0.611522 -2.378024
1.542362 0.611522 -2.383612
1.561929 0.611522 -2.392736
1.579614 0.611522 -2.405120
1.594880 0.611522 -2.420386
1.607264 0.611522 -2.438071
1.616388 0.611522 -2.457638
1.621976 0.611522 -2.478492
1.623857 0.611522 -2.500000
1.621976 0.611522 -2.521508
1.616388 0.611522 -2.542362
1.607264 0.611522 -2.561929
1.594880 0.611522 -2.579614
1.579614 0.611522 -2.594880
1.561929 0.611522 -2.607264
1.542362 0.611522 -2.616388
1.521508 0.611522 -2.621976
1.500000 0.611522 -2.623857
1.478492 0.611522 -2.621976
1.457638 0.611522 -2.616388
1.438071 0.611522 -2.607264
1.420386 0.611522 -2.594880
1.405120 0.611522 -2.579614
1.392736 0.611522 -2.561929
1.383612 0.611522 -2.542362
1.378024 0.611522 -2.521508
1.376143 0.611522 -2.500000
1.378024 0.611522 -2.478492
1.383612 0.611522 -2.457638
1.392736 0.611522 -2.438071
1.405120 0.611522 -2.420386
1.420386 0.611522 -2.405120
1.438071 0.611522 -2.392736
1.457638 0.611522 -2.383612
1.478492 0.611522 -2.378024
1.500000 0.602610 -2.368665
1.522806 0.602610 -2.370660
1.544919 0.602610 -2.376585
1.565668 0.602610 -2.386260
1.584421 0.602610 -2.399391
1.600609 0.602610 -2.415579
1.613740 0.602610 -2.434332
1.623415 0.602610 -2.455081
1.629340 0.602610 -2.477194
1.631335 0.602610 -2.500000
1.629340 0.602610 -2.522806
1.623415 0.602610 -2.544919
1.613740 0.602610 -2.565668
1.600609 0.602610 -2.584421
1.584421 0.602610 -2.600609
1.565668 0.602610 -2.613740
1.544919 0.602610 -2.623415
1.522806 0.602610 -2.629340
1.500000 0.602610 -2.631335
1.477194 0.602610 -2.629340
1.455081 0.602610 -2.623415
1.434332 0.602610 -2.613740
1.415579 0.602610 -2.600609
1.399391 0.602610 -2.584421
1.386260 0.602610 -2.565668
1.376585 0.602610 -2.544919
1.370660 0.602610 -2.522806
1.368665 0.602610 -2.500000
1.370660 0.602610 -2.477194
1.376585 0.602610 -2.455081
1.386260 0.602610 -2.434332
1.399391 0.602610 -2.415579
1.415579 0.602610 -2.399391
1.434332 0.602610 -2.386260
1.455081 0.602610 -2.376585
1.477194 0.602610 -2.370660
1.500000 0.593199 -2.361827
1.523993 0.593199 -2.363926
1.547258 0.593199 -2.370160
1.569086 0.593199 -2.380339
1.588816 0.593199 -2.394153
1.605847 0.593199 -2.411184
1.619661 0.593199 -2.430914
1.629840 0.593199 -2.452742
1.636074 0.593199 -2.476007
1.638173 0.593199 -2.500000
1.636074 0.593199 -2.523993
1.629840 0.593199 -2.547258
1.619661 0.593199 -2.569086
1.605847 0.593199 -2.588816
1.588816 0.593199 -2.605847
1.569086 0.593199 -2.619661
1.547258 0.593199 -2.629840
1.523993 0.593199 -2.636074
1.500000 0.593199 -2.638173
1.476007 0.593199 -2.636074
1.452742 0.593199 -2.629840
1.430914 0.593199 -2.619661
1.411184 0.593199 -2.605847
1.394153 0.593199 -2.588816
1.380339 0.593199 -2.569086
1.370160 0.593199 -2.547258
1.363926 0.593199 -2.523993
1.361827 0.593199 -2.500000
1.363926 0.593199 -2.476007
1.370160 0.593199 -2.452742
1.380339 0.593199 -2.430914
1.394153 0.593199 -2.411184
1.411184 0.593199 -2.394153
1.430914 0.593199 -2.380339
1.452742 0.593199 -2.370160
1.476007 0.593199 -2.363926
1.500000 0.583333 -2.355662
1.525064 0.583333 -2.357855
1.549366 0.583333 -2.364367
1.572169 0.583333 -2.375000
1.592778 0.583333 -2.389431
1.610569 0.583333 -2.407222
1.625000 0.583333 -2.427831
1.635633 0.583333 -2.450634
1.642145 0.583333 -2.474936
1.644338 0.583333 -2.500000
1.642145 0.583333 -2.525064
1.635633 0.583333 -2.549366
1.625000 0.583333 -2.572169
1.610569 0.583333 -2.592778
1.592778 0.583333 -2.610569
1.572169 0.583333 -2.625000
1.549366 0.583333 -2.635633
1.525064 0.583333 -2.642145
1.500000 0.583333 -2.644338
1.474936 0.583333 -2.642145
1.450634 0.583333 -2.635633
1.427831 0.583333 -2.625000
1.407222 0.583333 -2.610569
1.389431 0.583333 -2.592778
1.375000 0.583333 -2.572169
1.364367 0.583333 -2.549366
1.357855 0.583333 -2.525064
1.355662 0.583333 -2.500000
1.357855 0.583333 -2.474936
1.364367 0.583333 -2.450634
1.375000 0.583333 -2.427831
1.389431 0.583333 -2.407222
1.407222 0.583333 -2.389431
1.427831 0.583333 -2.375000
1.450634 0.583333 -2.364367
1.474936 0.583333 -2.357855
1.500000 0.573062 -2.350201
1.526012 0.573062 -2.352477
1.551234 0.573062 -2.359235
1.574900 0.573062 -2.370270
1.596289 0.573062 -2.385247
1.614753 0.573062 -2.403711
1.629730 0.573062 -2.425100
1.640765 0.573062 -2.448766
1.647523 0.573062 -2.473988
1.649799 0.573062 -2.500000
1.647523 0.573062 -2.526012
1.640765 0.573062 -2.551234
1.629730 0.573062 -2.574900
1.614753 0.573062 -2.596289
1.596289 0.573062 -2.614753
1.574900 0.573062 -2.629730
1.551234 0.573062 -2.640765
1.526012 0.573062 -2.647523
1.500000 0.573062 -2.649799
1.473988 0.573062 -2.647523
1.448766 0.573062 -2.640765
1.425100 0.573062 -2.629730
1.403711 0.573062 -2.614753
1.385247 0.573062 -2.596289
1.370270 0.573062 -2.574900
1.359235 0.573062 -2.551234
1.352477 0.573062 -2.526012
1.350201 0.573062 -2.500000
1.352477 0.573062 -2.473988
1.359235 0.573062 -2.448766
1.370270 0.573062 -2.425100
1.385247 0.573062 -2.403711
1.403711 0.573062 -2.385247
1.425100 0.573062 -2.370270
1.448766 0.573062 -2.359235
1.473988 0.573062 -2.352477
1.500000 0.562434 -2.345469
1.526834 0.562434 -2.347817
1.552853 0.562434 -2.354789
1.577265 0.562434 -2.366173
1.599330 0.562434 -2.381623
1.618377 0.562434 -2.400670
1.633827 0.562434 -2.422735
1.645211 0.562434 -2.447147
1.652183 0.562434 -2.473166
1.654531 0.562434 -2.500000
1.652183 0.562434 -2.526834
1.645211 0.562434 -2.552853
1.633827 0.562434 -2.577265
1.618377 0.562434 -2.599330
1.599330 0.562434 -2.618377
1.577265 0.562434 -2.633827
1.552853 0.562434 -2.645211
1.526834 0.562434 -2.652183
1.500000 0.562434 -2.654531
1.473166 0.562434 -2.652183
1.447147 0.562434 -2.645211
1.422735 0.562434 -2.633827
1.400670 0.562434 -2.618377
1.381623 0.562434 -2.599330
1.366173 0.562434 -2.577265
1.354789 0.562434 -2.552853
1.347817 0.562434 -2.526834
1.345469 0.562434 -2.500000
1.347817 0.562434 -2.473166
1.354789 0.562434 -2.447147
1.366173 0.562434 -2.422735
1.381623 0.562434 -2.400670
1.400670 0.562434 -2.381623
1.422735 0.562434 -2.366173
1.447147 0.562434 -2.354789
1.473166 0.562434 -2.347817
1.500000 0.551503 -2.341491
1.527525 0.551503 -2.343899
1.554213 0.551503 -2.351050
1.579255 0.551503 -2.362727
1.601888 0.551503 -2.378575
1.621425 0.551503 -2.398112
1.637273 0.551503 -2.420745
1.648950 0.551503 -2.445787
1.656101 0.551503 -2.472475
1.658509 0.551503 -2.500000
1.656101 0.551503 -2.527525
1.648950 0.551503 -2.554213
1.637273 0.551503 -2.579255
1.621425 0.551503 -2.601888
1.601888 0.551503 -2.621425
1.579255 0.551503 -2.637273
1.554213 0.551503 -2.648950
1.527525 0.551503 -2.656101
1.500000 0.551503 -2.658509
1.472475 0.551503 -2.656101
1.445787 0.551503 -2.648950
1.420745 0.551503 -2.637273
1.398112 0.551503 -2.621425
1.378575 0.551503 -2.601888
1.362727 0.551503 -2.579255
1.351050 0.551503 -2.554213
1.343899 0.551503 -2.527525
1.341491 0.551503 -2.500000
1.343899 0.551503 -2.472475
1.351050 0.551503 -2.445787
1.362727 0.551503 -2.420745
1.378575 0.551503 -2.398112
1.398112 0.551503 -2.378575
1.420745 0.551503 -2.362727
1.445787 0.551503 -2.351050
1.472475 0.551503 -2.343899
1.500000 0.540320 -2.338284
1.528082 0.540320 -2.340741
1.555310 0.540320 -2.348037
1.580858 0.540320 -2.359950
1.603949 0.540320 -2.376118
1.623882 0.540320 -2.396051
1.640050 0.540320 -2.419142
1.651963 0.540320 -2.444690
1.659259 0.540320 -2.471918
1.661716 0.540320 -2.500000
1.659259 0.540320 -2.528082
1.651963 0.540320 -2.555310
1.640050 0.540320 -2.580858
1.623882 0.540320 -2.603949
1.603949 0.540320 -2.623882
1.580858 0.540320 -2.640050
1.555310 0.540320 -2.651963
1.528082 0.540320 -2.659259
1.500000 0.540320 -2.661716
1.471918 0.540320 -2.659259
1.444690 0.540320 -2.651963
1.419142 0.540320 -2.640050
1.396051 0.540320 -2.623882
1.376118 0.540320 -2.603949
1.359950 0.540320 -2.580858
1.348037 0.540320 -2.555310
1.340741 0.540320 -2.528082
1.338284 0.540320 -2.500000
1.340741 0.540320 -2.471918
1.348037 0.540320 -2.444690
1.359950 0.540320 -2.419142
1.376118 0.540320 -2.396051
1.396051 0.540320 -2.376118
1.419142 0.540320 -2.359950
1.444690 0.540320 -2.348037
1.471918 0.540320 -2.340741
1.500000 0.528941 -2.335865
1.528502 0.528941 -2.338359
1.556137 0.528941 -2.345764
1.582067 0.528941 -2.357855
1.605504 0.528941 -2.374266
1.625734 0.528941 -2.394496
1.642145 0.528941 -2.417933
1.654236 0.528941 -2.443863
1.661641 0.528941 -2.471498
1.664135 0.528941 -2.500000
1.661641 0.528941 -2.528502
1.654236 0.528941 -2.556137
1.642145 0.528941 -2.582067
1.625734 0.528941 -2.605504
1.605504 0.528941 -2.625734
1.582067 0.528941 -2.642145
1.556137 0.528941 -2.654236
1.528502 0.528941 -2.661641
1.500000 0.528941 -2.664135
1.471498 0.528941 -2.661641
1.443863 0.528941 -2.654236
1.417933 0.528941 -2.642145
1.394496 0.528941 -2.625734
1.374266 0.528941 -2.605504
1.357855 0.528941 -2.582067
1.345764 0.528941 -2.556137
1.338359 0.528941 -2.528502
1.335865 0.528941 -2.500000
1.338359 0.528941 -2.471498
1.345764 0.528941 -2.443863
1.357855 0.528941 -2.417933
1.374266 0.528941 -2.394496
1.394496 0.528941 -2.374266
1.417933 0.528941 -2.357855
1.443863 0.528941 -2.345764
1.471498 0.528941 -2.338359
1.500000 0.517421 -2.334246
1.528783 0.517421 -2.336764
1.556691 0.517421 -2.344242
1.582877 0.517421 -2.356453
1.606544 0.517421 -2.373025
1.626975 0.517421 -2.393456
1.643547 0.517421 -2.417123
1.655758 0.517421 -2.443309
1.663236 0.517421 -2.471217
1.665754 0.517421 -2.500000
1.663236 0.517421 -2.528783
1.655758 0.517421 -2.556691
1.643547 0.517421 -2.582877
1.626975 0.517421 -2.606544
1.606544 0.517421 -2.626975
1.582877 0.517421 -2.643547
1.556691 0.517421 -2.655758
1.528783 0.517421 -2.663236
1.500000 0.517421 -2.665754
1.471217 0.517421 -2.663236
1.443309 0.517421 -2.655758
1.417123 0.517421 -2.643547
1.393456 0.517421 -2.626975
1.373025 0.517421 -2.606544
1.356453 0.517421 -2.582877
1.344242 0.517421 -2.556691
1.336764 0.517421 -2.528783
1.334246 0.517421 -2.500000
1.336764 0.517421 -2.471217
1.344242 0.517421 -2.443309
1.356453 0.517421 -2.417123
1.373025 0.517421 -2.393456
1.393456 0.517421 -2.373025
1.417123 0.517421 -2.356453
1.443309 0.517421 -2.344242
1.471217 0.517421 -2.336764
1.500000 0.505817 -2.333435
1.528924 0.505817 -2.335965
1.556969 0.505817 -2.343480
1.583283 0.505817 -2.355750
1.607066 0.505817 -2.372404
1.627596 0.505817 -2.392934
1.644250 0.505817 -2.416717
1.656520 0.505817 -2.443031
1.664035 0.505817 -2.471076
1.666565 0.505817 -2.500000
1.664035 0.505817 -2.528924
1.656520 0.505817 -2.556969
1.644250 0.505817 -2.583283
1.627596 0.505817 -2.607066
1.607066 0.505817 -2.627596
1.583283 0.505817 -2.644250
1.556969 0.505817 -2.656520
1.528924 0.505817 -2.664035
1.500000 0.505817 -2.666565
1.471076 0.505817 -2.664035
1.443031 0.505817 -2.656520
1.416717 0.505817 -2.644250
1.392934 0.505817 -2.627596
1.372404 0.505817 -2.607066
1.355750 0.505817 -2.583283
1.343480 0.505817 -2.556969
1.335965 0.505817 -2.528924
1.333435 0.505817 -2.500000
1.335965 0.505817 -2.471076
1.343480 0.505817 -2.443031
1.355750 0.505817 -2.416717
1.372404 0.505817 -2.392934
1.392934 0.505817 -2.372404
1.416717 0.505817 -2.355750
1.443031 0.505817 -2.343480
1.471076 0.505817 -2.335965
1.500000 0.494183 -2.333435
1.528924 0.494183 -2.335965
1.556969 0.494183 -2.343480
1.583283 0.494183 -2.355750
1.607066 0.494183 -2.372404
1.627596 0.494183 -2.392934
1.644250 0.494183 -2.416717
1.656520 0.494183 -2.443031
1.664035 0.494183 -2.471076
1.666565 0.494183 -2.500000
1.664035 0.494183 -2.528924
1.656520 0.494183 -2.556969
1.644250 0.494183 -2.583283
1.627596 0.494183 -2.607066
1.607066 0.494183 -2.627596
1.583283 0.494183 -2.644250
1.556969 0.494183 -2.656520
1.528924 0.494183 -2.664035
1.500000 0.494183 -2.666565
1.471076 0.494183 -2.664035
1.443031 0.494183 -2.656520
1.416717 0.494183 -2.644250
1.392934 0.494183 -2.627596
1.372404 0.494183 -2.607066
1.355750 0.494183 -2.583283
1.343480 0.494183 -2.556969
1.335965 0.494183 -2.528924
1.333435 0.494183 -2.500000
1.335965 0.494183 -2.471076
1.343480 0.494183 -2.443031
1.355750 0.494183 -2.416717
1.372404 0.494183 -2.392934
1.392934 0.494183 -2.372404
1.416717 0.494183 -2.355750
1.443031 0.494183 -2.343480
1.471076 0.494183 -2.335965
1.500000 0.482579 -2.334246
1.528783 0.482579 -2.336764
1.556691 0.482579 -2.344242
1.582877 0.482579 -2.356453
1.606544 0.482579 -2.373025
1.626975 0.482579 -2.393456
1.643547 0.482579 -2.417123
1.655758 0.482579 -2.443309
1.663236 0.482579 -2.471217
1.665754 0.482579 -2.500000
1.663236 0.482579 -2.528783
1.655758 0.482579 -2.556691
1.643547 0.482579 -2.582877
1.626975 0.482579 -2.606544
1.606544 0.482579 -2.626975
1.582877 0.482579 -2.643547
1.556691 0.482579 -2.655758
1.528783 0.482579 -2.663236
1.500000 0.482579 -2.665754
1.471217 0.482579 -2.663236
1.443309 0.482579 -2.655758
1.417123 0.482579 -2.643547
1.393456 0.482579 -2.626975
1.373025 0.482579 -2.606544
1.356453 0.482579 -2.582877
1.344242 0.482579 -2.556691
1.336764 0.482579 -2.528783
1.334246 0.482579 -2.500000
1.336764 0.482579 -2.471217
1.344242 0.482579 -2.443309
1.356453 0.482579 -2.417123
1.373025 0.482579 -2.393456
1.393456 0.482579 -2.373025
1.417123 0.482579 -2.356453
1.443309 0.482579 -2.344242
1.471217 0.482579 -2.336764
1.500000 0.471059 -2.335865
1.528502 0.471059 -2.338359
1.556137 0.471059 -2.345764
1.582067 0.471059 -2.357855
1.605504 0.471059 -2.374266
1.625734 0.471059 -2.394496
1.642145 0.471059 -2.417933
1.654236 0.471059 -2.443863
1.661641 0.471059 -2.471498
1.664135 0.471059 -2.500000
1.661641 0.471059 -2.528502
1.654236 0.471059 -2.556137
1.642145 0.471059 -2.582067
1.625734 0.471059 -2.605504
1.605504 0.471059 -2.625734
1.582067 0.471059 -2.642145
1.556137 0.471059 -2.654236
1.528502 0.471059 -2.661641
1.500000 0.471059 -2.664135
1.471498 0.471059 -2.661641
1.443863 0.471059 -2.654236
1.417933 0.471059 -2.642145
1.394496 0.471059 -2.625734
1.374266 0.471059 -2.605504
1.357855 0.471059 -2.582067
1.345764 0.471059 -2.556137
1.338359 0.471059 -2.528502
1.335865 0.471059 -2.500000
1.338359 0.471059 -2.471498
1.345764 0.471059 -2.443863
1.357855 0.471059 -2.417933
1.374266 0.471059 -2.394496
1.394496 0.471059 -2.374266
1.417933 0.471059 -2.357855
1.443863 0.471059 -2.345764
1.471498 0.471059 -2.338359
1.500000 0.459680 -2.338284
1.528082 0.459680 -2.340741
1.555310 0.459680 -2.348037
1.580858 0.459680 -2.359950
1.603949 0.459680 -2.376118
1.623882 0.459680 -2.396051
1.640050 0.459680 -2.419142
1.651963 0.459680 -2.444690
1.659259 0.459680 -2.471918
1.661716 0.459680 -2.500000
1.659259 0.459680 -2.528082
1.651963 0.459680 -2.555310
1.640050 0.459680 -2.580858
1.623882 0.459680 -2.603949
1.603949 0.459680 -2.623882
1.580858 0.459680 -2.640050
1.555310 0.459680 -2.651963
1.528082 0.459680 -2.659259
1.500000 0.459680 -2.661716
1.471918 0.459680 -2.659259
1.444690 0.459680 -2.651963
1.419142 0.459680 -2.640050
1.396051 0.459680 -2.623882
1.376118 0.459680 -2.603949
1.359950 0.459680 -2.580858
1.348037 0.459680 -2.555310
1.340741 0.459680 -2.528082
1.338284 0.459680 -2.500000
1.340741 0.459680 -2.471918
1.348037 0.459680 -2.444690
1.359950 0.459680 -2.419142
1.376118 0.459680 -2.396051
1.396051 0.459680 -2.376118
1.419142 0.459680 -2.359950
1.444690 0.459680 -2.348037
1.471918 0.459680 -2.340741
1.500000 0.448497 -2.341491
1.527525 0.448497 -2.343899
1.554213 0.448497 -2.351050
1.579255 0.448497 -2.362727
1.601888 0.448497 -2.378575
1.621425 0.448497 -2.398112
1.637273 0.448497 -2.420745
1.648950 0.448497 -2.445787
1.656101 0.448497 -2.472475
1.658509 0.448497 -2.500000
1.656101 0.448497 -2.527525
1.648950 0.448497 -2.554213
1.637273 0.448497 -2.579255
1.621425 0.448497 -2.601888
1.601888 0.448497 -2.621425
1.579255 0.448497 -2.637273
1.554213 0.448497 -2.648950
1.527525 0.448497 -2.656101
1.500000 0.448497 -2.658509
1.472475 0.448497 -2.656101
1.445787 0.448497 -2.648950
1.420745 0.448497 -2.637273
1.398112 0.448497 -2.621425
1.378575 0.448497 -2.601888
1.362727 0.448497 -2.579255
1.351050 0.448497 -2.554213
1.343899 0.448497 -2.527525
1.341491 0.448497 -2.500000
1.343899 0.448497 -2.472475
1.351050 0.448497 -2.445787
1.362727 0.448497 -2.420745
1.378575 0.448497 -2.398112
1.398112 0.448497 -2.378575
1.420745 0.448497 -2.362727
1.445787 0.448497 -2.351050
1.472475 0.448497 -2.343899
1.500000 0.437566 -2.345469
1.526834 0.437566 -2.347817
1.552853 0.437566 -2.354789
1.577265 0.437566 -2.366173
1.599330 0.437566 -2.381623
1.618377 0.437566 -2.400670
1.633827 0.437566 -2.422735
1.645211 0.437566 -2.447147
1.652183 0.437566 -2.473166
1.654531 0.437566 -2.500000
1.652183 0.437566 -2.526834
1.645211 0.437566 -2.552853
1.633827 0.437566 -2.577265
1.618377 0.437566 -2.599330
1.599330 0.437566 -2.618377
1.577265 0.437566 -2.633827
1.552853 0.437566 -2.645211
1.526834 0.437566 -2.652183
1.500000 0.437566 -2.654531
1.473166 0.437566 -2.652183
1.447147 0.437566 -2.645211
1.422735 0.437566 -2.633827
1.400670 0.437566 -2.618377
1.381623 0.437566 -2.599330
1.366173 0.437566 -2.577265
1.354789 0.437566 -2.552853
1.347817 0.437566 -2.526834
1.345469 0.437566 -2.500000
1.347817 0.437566 -2.473166
1.354789 0.437566 -2.447147
1.366173 0.437566 -2.422735
1.381623 0.437566 -2.400670
1.400670 0.437566 -2.381623
1.422735 0.437566 -2.366173
1.447147 0.437566 -2.354789
1.473166 0.437566 -2.347817
1.500000 0.426938 -2.350201
1.526012 0.426938 -2.352477
1.551234 0.426938 -2.359235
1.574900 0.426938 -2.370270
1.596289 0.426938 -2.385247
1.614753 0.426938 -2.403711
1.629730 0.426938 -2.425100
1.640765 0.426938 -2.448766
1.647523 0.426938 -2.473988
1.649799 0.426938 -2.500000
1.647523 0.426938 -2.526012
1.640765 0.426938 -2.551234
1.629730 0.426938 -2.574900
1.614753 0.426938 -2.596289
1.596289 0.426938 -2.614753
1.574900 0.426938 -2.629730
1.551234 0.426938 -2.640765
1.526012 0.426938 -2.647523
1.500000 0.426938 -2.649799
1.473988 0.426938 -2.647523
1.448766 0.426938 -2.640765
1.425100 0.426938 -2.629730
1.403711 0.426938 -2.614753
1.385247 0.426938 -2.596289
1.370270 0.426938 -2.574900
1.359235 0.426938 -2.551234
1.352477 0.426938 -2.526012
1.350201 0.426938 -2.500000
1.352477 0.426938 -2.473988
1.359235 0.426938 -2.448766
1.370270 0.426938 -2.425100
1.385247 0.426938 -2.403711
1.403711 0.426938 -2.385247
1.425100 0.426938 -2.370270
1.448766 0.426938 -2.359235
1.473988 0.426938 -2.352477
1.500000 0.416667 -2.355662
1.525064 0.416667 -2.357855
1.549366 0.416667 -2.364367
1.572169 0.416667 -2.375000
1.592778 0.416667 -2.389431
1.610569 0.416667 -2.407222
1.625000 0.416667 -2.427831
1.635633 0.416667 -2.450634
1.642145 0.416667 -2.474936
1.644338 0.416667 -2.500000
1.642145 0.416667 -2.525064
1.635633 0.416667 -2.549366
1.625000 0.416667 -2.572169
1.610569 0.416667 -2.592778
1.592778 0.416667 -2.610569
1.572169 0.416667 -2.625000
1.549366 0.416667 -2.635633
1.525064 0.416667 -2.642145
1.500000 0.416667 -2.644338
1.474936 0.416667 -2.642145
1.450634 0.416667 -2.635633
1.427831 0.416667 -2.625000
1.407222 0.416667 -2.610569
1.389431 0.416667 -2.592778
1.375000 0.416667 -2.572169
1.364367 0.416667 -2.549366
1.357855 0.416667 -2.525064
1.355662 0.416667 -2.500000
1.357855 0.416667 -2.474936
1.364367 0.416667 -2.450634
1.375000 0.416667 -2.427831
1.389431 0.416667 -2.407222
1.407222 0.416667 -2.389431
1.427831 0.416667 -2.375000
1.450634 0.416667 -2.364367
1.474936 0.416667 -2.357855
1.500000 0.406801 -2.361827
1.523993 0.406801 -2.363926
1.547258 0.406801 -2.370160
1.569086 0.406801 -2.380339
1.588816 0.406801 -2.394153
1.605847 0.406801 -2.411184
1.619661 0.406801 -2.430914
1.629840 0.406801 -2.452742
1.636074 0.406801 -2.476007
1.638173 0.406801 -2.500000
1.636074 0.406801 -2.523993
1.629840 0.406801 -2.547258
1.619661 0.406801 -2.569086
1.605847 0.406801 -2.588816
1.588816 0.406801 -2.605847
1.569086 0.406801 -2.619661
1.547258 0.406801 -2.629840
1.523993 0.406801 -2.636074
1.500000 0.406801 -2.638173
1.476007 0.406801 -2.636074
1.452742 0.406801 -2.629840
1.430914 0.406801 -2.619661
1.411184 0.406801 -2.605847
1.394153 0.406801 -2.588816
1.380339 0.406801 -2.569086
1.370160 0.406801 -2.547258
1.363926 0.406801 -2.523993
1.361827 0.406801 -2.500000
1.363926 0.406801 -2.476007
1.370160 0.406801 -2.452742
1.380339 0.406801 -2.430914
1.394153 0.406801 -2.411184
1.411184 0.406801 -2.394153
1.430914 0.406801 -2.380339
1.452742 0.406801 -2.370160
1.476007 0.406801 -2.363926
1.500000 0.397390 -2.368665
1.522806 0.397390 -2.370660
1.544919 0.397390 -2.376585
1.565668 0.397390 -2.386260
1.584421 0.397390 -2.399391
1.600609 0.397390 -2.415579
1.613740 0.397390 -2.434332
1.623415 0.397390 -2.455081
1.629340 0.397390 -2.477194
1.631335 0.397390 -2.500000
1.629340 0.397390 -2.522806
1.623415 0.397390 -2.544919
1.613740 0.397390 -2.565668
1.600609 0.397390 -2.584421
1.584421 0.397390 -2.600609
1.565668 0.397390 -2.613740
1.544919 0.397390 -2.623415
1.522806 0.397390 -2.629340
1.500000 0.397390 -2.631335
1.477194 0.397390 -2.629340
1.455081 0.397390 -2.623415
1.434332 0.397390 -2.613740
1.415579 0.397390 -2.600609
1.399391 0.397390 -2.584421
1.386260 0.397390 -2.565668
1.376585 0.397390 -2.544919
1.370660 0.397390 -2.522806
1.368665 0.397390 -2.500000
1.370660 0.397390 -2.477194
1.376585 0.397390 -2.455081
1.386260 0.397390 -2.434332
1.399391 0.397390 -2.415579
1.415579 0.397390 -2.399391
1.434332 0.397390 -2.386260
1.455081 0.397390 -2.376585
1.477194 0.397390 -2.370660
1.500000 0.388478 -2.376143
1.521508 0.388478 -2.378024
1.542362 0.388478 -2.383612
1.561929 0.388478 -2.392736
1.579614 0.388478 -2.405120
1.594880 0.388478 -2.420386
1.607264 0.388478 -2.438071
1.616388 0.388478 -2.457638
1.621976 0.388478 -2.478492
1.623857 0.388478 -2.500000
1.621976 0.388478 -2.521508
1.616388 0.388478 -2.542362
1.607264 0.388478 -2.561929
1.594880 0.388478 -2.579614
1.579614 0.388478 -2.594880
1.561929 0.388478 -2.607264
1.542362 0.388478 -2.616388
1.521508 0.388478 -2.621976
1.500000 0.388478 -2.623857
1.478492 0.388478 -2.621976
1.457638 0.388478 -2.616388
1.438071 0.388478 -2.607264
1.420386 0.388478 -2.594880
1.405120 0.388478 -2.579614
1.392736 0.388478 -2.561929
1.383612 0.388478 -2.542362
1.378024 0.388478 -2.521508
1.376143 0.388478 -2.500000
1.378024 0.388478 -2.478492
1.383612 0.388478 -2.457638
1.392736 0.388478 -2.438071
1.405120 0.388478 -2.420386
1.420386 0.388478 -2.405120
1.438071 0.388478 -2.392736
1.457638 0.388478 -2.383612
1.478492 0.388478 -2.378024
1.500000 0.380110 -2.384224
1.520104 0.380110 -2.385982
1.539598 0.380110 -2.391206
1.557888 0.380110 -2.399735
1.574420 0.380110 -2.411310
1.588690 0.380110 -2.425580
1.600265 0.380110 -2.442112
1.608794 0.380110 -2.460402
1.614018 0.380110 -2.479896
1.615776 0.380110 -2.500000
1.614018 0.380110 -2.520104
1.608794 0.380110 -2.539598
1.600265 0.380110 -2.557888
1.588690 0.380110 -2.574420
1.574420 0.380110 -2.588690
1.557888 0.380110 -2.600265
1.539598 0.380110 -2.608794
1.520104 0.380110 -2.614018
1.500000 0.380110 -2.615776
1.479896 0.380110 -2.614018
1.460402 0.380110 -2.608794
1.442112 0.380110 -2.600265
1.425580 0.380110 -2.588690
1.411310 0.380110 -2.574420
1.399735 0.380110 -2.557888
1.391206 0.380110 -2.539598
1.385982 0.380110 -2.520104
1.384224 0.380110 -2.500000
1.385982 0.380110 -2.479896
1.391206 0.380110 -2.460402
1.399735 0.380110 -2.442112
1.411310 0.380110 -2.425580
1.425580 0.380110 -2.411310
1.442112 0.380110 -2.399735
1.460402 0.380110 -2.391206
1.479896 0.380110 -2.385982
1.500000 0.372326 -2.392869
1.518603 0.372326 -2.394496
1.536641 0.372326 -2.399330
1.553566 0.372326 -2.407222
1.568863 0.372326 -2.417933
1.582067 0.372326 -2.431137
1.592778 0.372326 -2.446434
1.600670 0.372326 -2.463359
1.605504 0.372326 -2.481397
1.607131 0.372326 -2.500000
1.605504 0.372326 -2.518603
1.600670 0.372326 -2.536641
1.592778 0.372326 -2.553566
1.582067 0.372326 -2.568863
1.568863 0.372326 -2.582067
1.553566 0.372326 -2.592778
1.536641 0.372326 -2.600670
1.518603 0.372326 -2.605504
1.500000 0.372326 -2.607131
1.481397 0.372326 -2.605504
1.463359 0.372326 -2.600670
1.446434 0.372326 -2.592778
1.431137 0.372326 -2.582067
1.417933 0.372326 -2.568863
1.407222 0.372326 -2.553566
1.399330 0.372326 -2.536641
1.394496 0.372326 -2.518603
1.392869 0.372326 -2.500000
1.394496 0.372326 -2.481397
1.399330 0.372326 -2.463359
1.407222 0.372326 -2.446434
1.417933 0.372326 -2.431137
1.431137 0.372326 -2.417933
1.446434 0.372326 -2.407222
1.463359 0.372326 -2.399330
1.481397 0.372326 -2.394496
1.500000 0.365164 -2.402036
1.517011 0.365164 -2.403524
1.533506 0.365164 -2.407944
1.548982 0.365164 -2.415160
1.562970 0.365164 -2.424955
1.575045 0.365164 -2.437030
1.584840 0.365164 -2.451018
1.592056 0.365164 -2.466494
1.596476 0.365164 -2.482989
1.597964 0.365164 -2.500000
1.596476 0.365164 -2.517011
1.592056 0.365164 -2.533506
1.584840 0.365164 -2.548982
1.575045 0.365164 -2.562970
1.562970 0.365164 -2.575045
1.548982 0.365164 -2.584840
1.533506 0.365164 -2.592056
1.517011 0.365164 -2.596476
1.500000 0.365164 -2.597964
1.482989 0.365164 -2.596476
1.466494 0.365164 -2.592056
1.451018 0.365164 -2.584840
1.437030 0.365164 -2.575045
1.424955 0.365164 -2.562970
1.415160 0.365164 -2.548982
1.407944 0.365164 -2.533506
1.403524 0.365164 -2.517011
1.402036 0.365164 -2.500000
1.403524 0.365164 -2.482989
1.407944 0.365164 -2.466494
1.415160 0.365164 -2.451018
1.424955 0.365164 -2.437030
1.437030 0.365164 -2.424955
1.451018 0.365164 -2.415160
1.466494 0.365164 -2.407944
1.482989 0.365164 -2.403524
1.500000 0.358659 -2.411680
1.515337 0.358659 -2.413022
1.530207 0.358659 -2.417006
1.544160 0.358659 -2.423513
1.556771 0.358659 -2.432343
1.567657 0.358659 -2.443229
1.576487 0.358659 -2.455840
1.582994 0.358659 -2.469793
1.586978 0.358659 -2.484663
1.588320 0.358659 -2.500000
1.586978 0.358659 -2.515337
1.582994 0.358659 -2.530207
1.576487 0.358659 -2.544160
1.567657 0.358659 -2.556771
1.556771 0.358659 -2.567657
1.544160 0.358659 -2.576487
1.530207 0.358659 -2.582994
1.515337 0.358659 -2.586978
1.500000 0.358659 -2.588320
1.484663 0.358659 -2.586978
1.469793 0.358659 -2.582994
1.455840 0.358659 -2.576487
1.443229 0.358659 -2.567657
1.432343 0.358659 -2.556771
1.423513 0.358659 -2.544160
1.417006 0.358659 -2.530207
1.413022 0.358659 -2.515337
1.411680 0.358659 -2.500000
1.413022 0.358659 -2.484663
1.417006 0.358659 -2.469793
1.423513 0.358659 -2.455840
1.432343 0.358659 -2.443229
1.443229 0.358659 -2.432343
1.455840 0.358659 -2.423513
1.469793 0.358659 -2.417006
1.484663 0.358659 -2.413022
1.500000 0.352842 -2.421755
1.513587 0.352842 -2.422943
1.526761 0.352842 -2.426473
1.539123 0.352842 -2.432238
1.550295 0.352842 -2.440061
1.559939 0.352842 -2.449705
1.567762 0.352842 -2.460877
1.573527 0.352842 -2.473239
1.577057 0.352842 -2.486413
1.578245 0.352842 -2.500000
1.577057 0.352842 -2.513587
1.573527 0.352842 -2.526761
1.567762 0.352842 -2.539123
1.559939 0.352842 -2.550295
1.550295 0.352842 -2.559939
1.539123 0.352842 -2.567762
1.526761 0.352842 -2.573527
1.513587 0.352842 -2.577057
1.500000 0.352842 -2.578245
1.486413 0.352842 -2.577057
1.473239 0.352842 -2.573527
1.460877 0.352842 -2.567762
1.449705 0.352842 -2.559939
1.440061 0.352842 -2.550295
1.432238 0.352842 -2.539123
1.426473 0.352842 -2.526761
1.422943 0.352842 -2.513587
1.421755 0.352842 -2.500000
1.422943 0.352842 -2.486413
1.426473 0.352842 -2.473239
1.432238 0.352842 -2.460877
1.440061 0.352842 -2.449705
1.449705 0.352842 -2.440061
1.460877 0.352842 -2.432238
1.473239 0.352842 -2.426473
1.486413 0.352842 -2.422943
1.500000 0.347742 -2.432211
1.511772 0.347742 -2.433240
1.523185 0.347742 -2.436299
1.533895 0.347742 -2.441293
1.543574 0.347742 -2.448070
1.551930 0.347742 -2.456426
1.558707 0.347742 -2.466105
1.563701 0.347742 -2.476815
1.566760 0.347742 -2.488228
1.567789 0.347742 -2.500000
1.566760 0.347742 -2.511772
1.563701 0.347742 -2.523185
1.558707 0.347742 -2.533895
1.551930 0.347742 -2.543574
1.543574 0.347742 -2.551930
1.533895 0.347742 -2.558707
1.523185 0.347742 -2.563701
1.511772 0.347742 -2.566760
1.500000 0.347742 -2.567789
1.488228 0.347742 -2.566760
1.476815 0.347742 -2.563701
1.466105 0.347742 -2.558707
1.456426 0.347742 -2.551930
1.448070 0.347742 -2.543574
1.441293 0.347742 -2.533895
1.436299 0.347742 -2.523185
1.433240 0.347742 -2.511772
1.432211 0.347742 -2.500000
1.433240 0.347742 -2.488228
1.436299 0.347742 -2.476815
1.441293 0.347742 -2.466105
1.448070 0.347742 -2.456426
1.456426 0.347742 -2.448070
1.466105 0.347742 -2.441293
1.476815 0.347742 -2.436299
1.488228 0.347742 -2.433240
1.500000 0.343385 -2.442997
1.509899 0.343385 -2.443863
1.519496 0.343385 -2.446434
1.528502 0.343385 -2.450634
1.536641 0.343385 -2.456333
1.543667 0.343385 -2.463359
1.549366 0.343385 -2.471498
1.553566 0.343385 -2.480504
1.556137 0.343385 -2.490101
1.557003 0.343385 -2.500000
1.556137 0.343385 -2.509899
1.553566 0.343385 -2.519496
1.549366 0.343385 -2.528502
1.543667 0.343385 -2.536641
1.536641 0.343385 -2.543667
1.528502 0.343385 -2.549366
1.519496 0.343385 -2.553566
1.509899 0.343385 -2.556137
1.500000 0.343385 -2.557003
1.490101 0.343385 -2.556137
1.480504 0.343385 -2.553566
1.471498 0.343385 -2.549366
1.463359 0.343385 -2.543667
1.456333 0.343385 -2.536641
1.450634 0.343385 -2.528502
1.446434 0.343385 -2.519496
1.443863 0.343385 -2.509899
1.442997 0.343385 -2.500000
1.443863 0.343385 -2.490101
1.446434 0.343385 -2.480504
1.450634 0.343385 -2.471498
1.456333 0.343385 -2.463359
1.463359 0.343385 -2.456333
1.471498 0.343385 -2.450634
1.480504 0.343385 -2.446434
1.490101 0.343385 -2.443863
1.500000 0.339790 -2.454060
1.507977 0.339790 -2.454758
1.515712 0.339790 -2.456831
1.522970 0.339790 -2.460215
1.529529 0.339790 -2.464808
1.535192 0.339790 -2.470471
1.539785 0.339790 -2.477030
1.543169 0.339790 -2.484288
1.545242 0.339790 -2.492023
1.545940 0.339790 -2.500000
1.545242 0.339790 -2.507977
1.543169 0.339790 -2.515712
1.539785 0.339790 -2.522970
1.535192 0.339790 -2.529529
1.529529 0.339790 -2.535192
1.522970 0.339790 -2.539785
1.515712 0.339790 -2.543169
1.507977 0.339790 -2.545242
1.500000 0.339790 -2.545940
1.492023 0.339790 -2.545242
1.484288 0.339790 -2.543169
1.477030 0.339790 -2.539785
1.470471 0.339790 -2.535192
1.464808 0.339790 -2.529529
1.460215 0.339790 -2.522970
1.456831 0.339790 -2.515712
1.454758 0.339790 -2.507977
1.454060 0.339790 -2.500000
1.454758 0.339790 -2.492023
1.456831 0.339790 -2.484288
1.460215 0.339790 -2.477030
1.464808 0.339790 -2.470471
1.470471 0.339790 -2.464808
1.477030 0.339790 -2.460215
1.484288 0.339790 -2.456831
1.492023 0.339790 -2.454758
1.500000 0.336975 -2.465348
1.506017 0.336975 -2.465874
1.511852 0.336975 -2.467438
1.517326 0.336975 -2.469991
1.522274 0.336975 -2.473455
1.526545 0.336975 -2.477726
1.530009 0.336975 -2.482674
1.532562 0.336975 -2.488148
1.534126 0.336975 -2.493983
1.534652 0.336975 -2.500000
1.534126 0.336975 -2.506017
1.532562 0.336975 -2.511852
1.530009 0.336975 -2.517326
1.526545 0.336975 -2.522274
1.522274 0.336975 -2.526545
1.517326 0.336975 -2.530009
1.511852 0.336975 -2.532562
1.506017 0.336975 -2.534126
1.500000 0.336975 -2.534652
1.493983 0.336975 -2.534126
1.488148 0.336975 -2.532562
1.482674 0.336975 -2.530009
1.477726 0.336975 -2.526545
1.473455 0.336975 -2.522274
1.469991 0.336975 -2.517326
1.467438 0.336975 -2.511852
1.465874 0.336975 -2.506017
1.465348 0.336975 -2.500000
1.465874 0.336975 -2.493983
1.467438 0.336975 -2.488148
1.469991 0.336975 -2.482674
1.473455 0.336975 -2.477726
1.477726 0.336975 -2.473455
1.482674 0.336975 -2.469991
1.488148 0.336975 -2.467438
1.493983 0.336975 -2.465874
1.500000 0.334955 -2.476804
1.504028 0.334955 -2.477157
1.507933 0.334955 -2.478203
1.511598 0.334955 -2.479912
1.514910 0.334955 -2.482231
1.517769 0.334955 -2.485090
1.520088 0.334955 -2.488402
1.521797 0.334955 -2.492067
1.522843 0.334955 -2.495972
1.523196 0.334955 -2.500000
1.522843 0.334955 -2.504028
1.521797 0.334955 -2.507933
1.520088 0.334955 -2.511598
1.517769 0.334955 -2.514910
1.514910 0.334955 -2.517769
1.511598 0.334955 -2.520088
1.507933 0.334955 -2.521797
1.504028 0.334955 -2.522843
1.500000 0.334955 -2.523196
1.495972 0.334955 -2.522843
1.492067 0.334955 -2.521797
1.488402 0.334955 -2.520088
1.485090 0.334955 -2.517769
1.482231 0.334955 -2.514910
1.479912 0.334955 -2.511598
1.478203 0.334955 -2.507933
1.477157 0.334955 -2.504028
1.476804 0.334955 -2.500000
1.477157 0.334955 -2.495972
1.478203 0.334955 -2.492067
1.479912 0.334955 -2.488402
1.482231 0.334955 -2.485090
1.485090 0.334955 -2.482231
1.488402 0.334955 -2.479912
1.492067 0.334955 -2.478203
1.495972 0.334955 -2.477157
1.500000 0.333739 -2.488374
1.502019 0.333739 -2.488551
1.503976 0.333739 -2.489075
1.505813 0.333739 -2.489932
1.507473 0.333739 -2.491094
1.508906 0.333739 -2.492527
1.510068 0.333739 -2.494187
1.510925 0.333739 -2.496024
1.511449 0.333739 -2.497981
1.511626 0.333739 -2.500000
1.511449 0.333739 -2.502019
1.510925 0.333739 -2.503976
1.510068 0.333739 -2.505813
1.508906 0.333739 -2.507473
1.507473 0.333739 -2.508906
1.505813 0.333739 -2.510068
1.503976 0.333739 -2.510925
1.502019 0.333739 -2.511449
1.500000 0.333739 -2.511626
1.497981 0.333739 -2.511449
1.496024 0.333739 -2.510925
1.494187 0.333739 -2.510068
1.492527 0.333739 -2.508906
1.491094 0.333739 -2.507473
1.489932 0.333739 -2.505813
1.489075 0.333739 -2.503976
1.488551 0.333739 -2.502019
1.488374 0.333739 -2.500000
1.488551 0.333739 -2.497981
1.489075 0.333739 -2.496024
1.489932 0.333739 -2.494187
1.491094 0.333739 -2.492527
1.492527 0.333739 -2.491094
1.494187 0.333739 -2.489932
1.496024 0.333739 -2.489075
1.497981 0.333739 -2.488551
1.500000 0.333333 -2.500000
